TIME MEM VIRT RES SHR CPU FREE SWAP
0.2 223280 3744 2956 25.0 1351.2 714.0
0.6 230408 10872 2956 31.2 1335.9 714.3
1.3 243476 24072 2956 31.2 1307.2 714.3
2.1 258128 38592 2956 37.5 1274.8 714.3
2.8 272384 53112 2956 43.8 1247.7 714.3
3.0 275948 56544 2956 13.3 1236.0 714.8
3.7 288356 68952 2956 50.0 1208.9 714.8
4.0 294692 75288 2956 31.2 1199.9 714.8
4.5 303008 83736 2956 33.3 1182.2 714.8
4.7 307232 87696 2956 31.2 1170.5 714.8
5.3 319244 99840 2956 33.3 1145.0 714.8
6.0 330860 111456 2956 33.3 1118.8 714.8
6.3 338120 118584 2956 37.5 1105.8 714.8
6.6 343796 124392 2956 18.8 1092.4 714.8
6.9 349472 129936 2956 26.7 1080.6 714.8
7.2 354884 135480 2956 31.2 1066.5 714.8
7.7 363200 143664 2956 25.0 1053.3 714.8
8.1 370460 151056 2956 26.7 1036.8 714.8
8.3 375080 155808 2956 16.7 1026.9 714.8
8.6 379964 160560 2956 31.2 1015.2 714.8
8.9 384980 165576 2956 25.8 1003.4 714.8
9.2 391976 172440 2956 40.0 990.3 714.8
9.7 401612 182208 2956 25.0 970.5 714.8
10.3 411380 191976 2956 40.0 949.0 714.8
10.6 418244 198840 2956 40.0 931.3 714.8
11.2 428804 209400 2956 37.5 912.7 714.8
11.5 435404 216000 2956 25.0 898.1 714.8
11.8 439760 220488 2956 33.3 886.5 714.8
12.0 444644 225240 2956 21.4 877.1 714.8
12.3 448604 229200 2956 18.8 870.7 714.8
12.6 455336 235800 2956 40.0 854.2 714.8
13.1 463784 244248 2956 50.0 835.9 714.8
13.5 471968 252432 2956 40.0 819.8 714.8
13.9 480416 260880 2956 40.0 799.3 714.8
14.5 490580 271176 2956 35.0 778.7 714.8
15.1 501668 282264 2956 13.3 757.8 714.8
15.7 513548 294144 2956 33.3 731.6 714.8
16.4 526088 306552 2956 23.5 705.9 714.8
17.0 537968 318432 2956 25.0 681.0 714.8
17.7 551036 331632 2956 16.7 653.6 714.8
18.4 563312 343776 2956 29.4 628.0 714.8
18.8 570176 350904 2956 12.5 612.2 714.8
19.4 582056 362520 2956 43.8 586.4 714.8
20.0 593804 374400 2956 31.2 560.8 714.8
20.7 606344 386808 2956 25.0 536.3 714.8
21.3 618752 399216 2956 18.8 509.4 714.8
22.0 630500 411096 2956 25.0 484.4 714.8
22.7 643700 424296 2956 40.0 456.5 714.8
23.3 656108 436704 2956 38.1 430.0 714.8
24.1 669572 450168 2956 31.2 401.4 714.8
24.7 681584 462312 2956 29.4 378.3 714.8
25.2 690824 471552 2956 37.5 358.6 714.8
25.9 703364 483960 2956 17.6 332.0 714.8
26.4 714188 494784 2956 28.6 306.6 714.8
27.1 726992 507720 2956 31.2 282.8 714.8
27.4 732668 513264 2956 18.8 270.0 714.8
28.1 744812 525408 2956 25.0 245.4 714.8
28.7 756032 536760 2956 31.2 220.7 714.8
29.4 768704 549168 2956 19.0 194.4 714.8
30.0 780980 561576 2956 12.5 166.0 714.8
30.6 792464 572928 2956 40.0 142.4 714.8
31.3 804740 585336 2956 31.2 111.3 714.8
31.8 814640 595368 2956 33.3 90.8 714.8
32.5 827576 608304 2956 37.5 63.7 715.3
33.1 839060 619656 2956 10.0 71.6 715.3
33.4 845132 625728 2956 33.3 71.7 715.3
33.8 851864 632328 2956 31.2 92.1 715.0
34.2 858728 639456 2956 25.0 76.0 715.0
34.6 866780 647376 2956 37.5 95.4 714.0
34.9 872324 652920 2956 12.5 78.5 715.0
35.4 881300 661896 2956 37.5 75.9 714.0
35.7 887504 667968 2956 19.0 65.7 714.0
36.1 895688 676152 2956 20.0 73.9 711.5
36.5 903080 683804 2952 13.3 70.7 702.5
37.0 912056 692516 2952 40.0 67.5 696.7
37.6 922484 703076 2952 22.2 72.3 674.8
37.9 930008 709700 2752 13.0 69.1 653.8
38.0 934760 710244 2744 17.6 62.0 638.8
37.5 936872 702292 2744 25.0 71.1 627.8
37.6 940700 703712 2744 17.6 78.0 618.0
37.7 947432 706184 2744 11.8 74.0 609.3
37.8 954032 708048 2744 12.5 78.2 596.4
38.0 959840 710488 2744 31.2 65.9 588.8
38.2 969212 713816 2744 18.8 77.8 567.0
38.0 973304 710096 2744 33.3 65.9 561.8
38.1 983996 713348 2744 37.5 65.4 535.5
38.0 988484 710760 2744 20.0 77.6 535.5
38.1 991256 713400 2744 17.6 73.3 535.8
38.2 993368 715512 2744 55.0 68.2 535.8
38.3 997988 716664 2744 31.2 64.4 517.5
37.8 1010924 706588 2740 4.2 79.1 465.3
37.9 1019108 708384 2740 43.8 84.7 449.8
37.9 1027160 709200 2740 18.8 80.0 424.3
37.7 1035080 705664 2740 26.7 75.9 413.0
37.6 1044188 704176 2740 29.4 71.0 402.0
37.7 1048544 705156 2740 12.5 74.7 392.5
37.8 1052240 707452 2740 33.3 68.8 392.5
37.9 1057784 709640 2740 20.0 74.9 380.2
38.1 1064384 713580 2740 31.2 66.1 353.0
37.5 1072568 702164 2720 20.0 83.2 330.0
37.7 1080752 706072 2720 8.7 71.1 319.5
37.7 1084580 704932 2720 35.3 65.1 319.7
37.8 1089332 706372 2720 20.0 66.3 312.3
37.9 1092104 709276 2720 25.0 61.9 301.5
37.5 1093952 702200 2720 13.3 84.3 294.0
37.7 1097516 705896 2720 29.4 69.9 294.0
37.8 1106228 707508 2720 40.0 74.7 279.2
37.9 1116788 709192 2720 31.2 71.5 259.5
38.1 1126160 713380 2720 43.8 69.0 237.5
38.0 1129988 711716 2720 29.4 68.3 237.5
38.0 1136324 711592 2720 25.0 72.8 211.6
37.7 1140548 705060 2720 18.8 70.0 200.8
37.9 1144640 708808 2720 6.2 70.6 190.8
37.5 1147940 702028 2720 18.8 80.3 180.6
37.8 1153880 707836 2720 29.4 68.4 180.6
37.5 1159160 701980 2720 18.8 79.4 157.3
37.9 1167080 709900 2720 31.2 73.6 147.5
38.0 1173416 711812 2720 12.5 65.6 134.9
37.8 1180412 707372 2720 43.8 74.1 124.1
38.0 1184372 711332 2720 10.0 67.8 124.1
37.9 1186880 708912 2720 12.0 74.6 104.0
37.4 1189916 700080 2720 12.5 94.1 82.4
37.5 1195460 701680 2720 37.5 82.8 82.4
37.8 1201400 707488 2720 37.5 69.3 82.4
37.9 1208528 708284 2720 11.8 82.1 59.0
38.0 1215788 710980 2720 26.3 66.8 59.0
37.7 1221464 705968 2720 9.5 66.3 15.7
37.2 1229252 695104 2720 11.1 83.3 0.2
37.5 1236512 702232 2720 43.8 66.7 0.2
37.9 1242716 708472 2720 26.3 65.7 0.0
38.2 1249844 715056 2176 4.8 59.5 0.0
38.6 1257764 721404 556 3.4 51.1 0.0
39.0 1270172 729424 1476 46.7 809.8 355.8
39.7 1284296 743680 1476 27.8 797.0 356.3
40.0 1288784 748168 1476 33.3 790.3 356.6
40.3 1294064 753448 1476 47.1 788.3 356.6
40.6 1300532 759784 1476 86.7 778.8 356.6
41.0 1308716 767968 1476 80.0 772.3 356.6
41.7 1320860 780288 1664 65.0 758.9 356.6
42.1 1329044 788472 1664 50.0 752.0 356.6
42.6 1336700 796128 1664 55.6 743.8 356.8
43.2 1349372 808800 1664 37.5 730.7 356.8
44.1 1366532 825960 1664 26.7 714.4 356.8
45.1 1384880 844440 1664 37.5 696.6 356.8
46.1 1402700 862128 1664 68.8 680.0 356.8
46.4 1408376 867936 1664 37.5 673.5 356.8
47.0 1419068 878496 1664 47.4 662.0 356.8
47.4 1426988 886416 1664 62.5 653.3 356.8
48.2 1442828 902256 1664 25.0 635.2 358.1
48.8 1453520 913080 1664 76.5 623.3 358.3
49.8 1471604 931032 1664 76.5 604.7 358.3
50.7 1489688 949248 1664 17.6 588.7 358.6
51.9 1510940 970368 1664 62.5 566.8 358.6
52.6 1525592 984888 1664 57.9 550.8 358.6
53.3 1537736 997032 1664 81.2 540.2 358.6
54.3 1555424 991.2m 1664 68.8 523.7 358.6
55.2 1572320 1.0g 1664 62.5 506.7 358.6
55.8 1585388 1.0g 1664 50.0 493.8 358.6
56.7 1601624 1.0g 1664 38.9 479.4 358.6
57.6 1617992 1.0g 1664 66.7 459.9 358.6
58.7 1639112 1.0g 1664 31.2 441.3 358.6
59.1 1646108 1.1g 1664 11.5 432.3 358.8
59.4 1651652 1.1g 1664 18.8 426.3 358.8
59.7 1656932 1.1g 1664 68.8 422.0 358.8
60.3 1669736 1.1g 1664 75.0 408.7 359.6
60.8 1678052 1.1g 1664 56.7 396.9 359.6
61.3 1686632 1.1g 1664 68.8 389.8 359.6
61.8 1695872 1.1g 1664 80.0 381.3 359.6
62.5 1710260 1.1g 1664 26.3 368.5 359.6
63.5 1728872 1.1g 1664 56.2 348.5 359.6
64.7 1751576 1.2g 1664 68.8 326.3 359.6
65.9 1773884 1.2g 1664 73.3 304.5 359.6
67.0 1793948 1.2g 1664 73.3 284.5 359.8
68.2 1817180 1.2g 1664 68.8 261.8 359.8
69.4 1839356 1.2g 1664 25.0 241.7 359.8
70.0 1849388 1.2g 1664 60.0 232.5 359.8
70.9 1866548 1.3g 1664 62.5 215.1 359.8
72.0 1886744 1.3g 1664 58.8 194.6 359.8
73.1 1907468 1.3g 1664 68.8 174.1 359.8
74.0 1925948 1.3g 1664 46.7 155.8 359.8
75.1 1944824 1.3g 1664 56.2 136.4 359.8
76.0 1962908 1.4g 1664 25.0 118.5 359.8
77.0 1981520 1.4g 1664 37.5 101.0 359.8
78.0 2000396 1.4g 1664 27.8 83.4 360.1
79.0 2019008 1.4g 1664 25.0 64.9 360.1
79.6 2034716 1.4g 1664 31.2 63.8 351.9
79.7 2049500 1.4g 1664 37.5 68.2 342.8
80.1 2066660 1.4g 1664 68.8 67.2 332.3
80.8 2085008 1.4g 1664 50.0 64.1 327.1
80.9 2094380 1.4g 1664 21.1 67.2 319.9
80.8 2105996 1.4g 1664 15.8 69.8 297.8
79.7 2113784 1.4g 1656 64.7 77.6 280.5
80.6 2129492 1.4g 1656 75.0 71.0 270.6
80.9 2145332 1.4g 1656 75.0 74.7 258.3
81.0 2159588 1.4g 1656 58.8 64.1 258.3
80.7 2172392 1.4g 1656 50.0 75.0 240.9
81.5 2186384 1.5g 1656 81.2 73.2 223.2
81.2 2200244 1.4g 1656 56.2 67.8 223.2
80.7 2214104 1.4g 1656 25.0 80.5 200.4
81.6 2230736 1.5g 1656 62.5 64.2 200.4
81.7 2245916 1.5g 1656 43.8 66.0 171.0
81.0 2252120 1.4g 1656 47.1 73.6 167.2
81.3 2259380 1.5g 1656 18.8 67.4 167.2
81.2 2263736 1.4g 1656 0.0 70.6 142.4
79.9 2266772 1.4g 1636 8.6 66.3 125.4
78.4 2269808 1.4g 1636 35.3 99.4 103.2
78.7 2275484 1.4g 1636 68.8 92.8 103.2
79.1 2283536 1.4g 1636 62.5 77.0 103.2
79.9 2297924 1.4g 1636 62.5 71.0 103.7
80.3 2305448 1.4g 1636 52.9 75.2 94.3
80.2 2314424 1.4g 1636 75.0 67.9 94.3
80.5 2323004 1.4g 1636 17.6 72.8 84.6
80.3 2325248 1.4g 1636 47.6 71.1 84.6
80.4 2327360 1.4g 1636 41.2 70.7 84.6
80.5 2330264 1.4g 1636 60.0 65.1 84.6
80.7 2333432 1.4g 1636 37.5 71.3 76.4
80.5 2337920 1.4g 1636 75.0 69.8 76.4
80.9 2344916 1.4g 1636 37.5 65.8 76.7
80.9 2354552 1.4g 1636 68.8 68.0 66.7
80.3 2362736 1.4g 1636 25.0 81.2 46.9
80.8 2372240 1.4g 1636 60.0 70.3 46.9
80.5 2386364 1.4g 1636 75.0 79.0 25.4
81.2 2399300 1.4g 1636 29.4 63.0 13.0
81.3 2420288 1.5g 1636 35.3 65.6 4.6
82.4 2445896 1.5g 1636 25.0 71.0 0.0
82.8 2455268 1.5g 500 2.6 51.1 0.0
83.2 2462660 1.5g 520 3.8 51.1 0.0
83.8 2472296 1.5g 1252 4.2 51.0 663.0
0.0 0 0 0 0.0 1528.7 663.0
1555.5 687.3
1556.4 687.3
1556.7 687.3
1556.5 687.3
1557.5 687.5
1558.3 687.5
1556.0 687.5
1556.3 687.5
1554.9 687.8
1555.4 687.8
1556.0 687.8
1557.1 688.0
1557.0 688.0
1555.4 688.3
1556.5 688.3
1555.8 688.3
1555.2 688.3
1555.5 688.3
1554.1 688.3
1553.7 688.3
1553.5 688.3
1553.7 688.3
1553.8 688.3
1553.5 688.3
1553.6 688.3
1552.9 688.3
1552.9 688.5
1552.6 688.8
1553.3 688.8
1552.5 688.8
1553.1 688.8
1552.8 688.8
1549.7 689.0
1551.1 689.0
1550.3 689.0
1550.5 689.0
1550.3 689.0
1550.7 689.0
1550.6 689.0
1550.2 689.0
1551.0 689.0
1550.9 689.3
1551.3 689.3
1551.0 689.3
1550.1 689.3
1551.6 689.3
1549.9 689.3
1550.7 689.3
1550.5 689.3
1550.2 689.3
1550.1 689.3
1550.3 689.3
1551.1 689.3
1549.7 689.3
1550.0 689.3
1549.8 689.3
1548.8 689.3
1550.7 689.3
1552.0 689.3
1550.3 689.3
1550.1 689.3
1550.1 689.3
1549.1 689.3
1549.4 689.3
1549.7 689.5
1550.9 689.5
1549.4 689.8
1547.3 691.0
1548.0 691.0
1548.0 691.0
1547.1 691.0
1547.6 691.0
1549.9 691.0
1549.2 691.3
1549.4 691.3
1549.2 691.3
1549.0 691.3
1548.8 691.3
1548.0 691.3
1548.6 691.3
1547.8 691.3
1546.8 691.5
1546.1 691.5
1547.1 691.5
1548.3 691.5
1548.2 691.5
1546.5 691.5
1546.3 691.5
1546.3 691.5
1546.1 691.5
1545.9 691.5
1546.7 691.5
1546.6 691.5
1546.4 691.5
1546.4 691.5
1546.8 691.5
1546.1 691.5
1546.0 691.5
1545.9 691.5
1545.7 691.5
1546.6 691.5
1546.4 691.5
1547.3 691.5
1547.3 691.5
1547.0 691.5
1546.9 691.5
1546.9 691.5
1546.8 691.5
1546.7 691.5
1547.7 691.5
1548.0 691.5
1546.3 691.5
1547.2 691.5
1548.1 691.5
1547.0 691.5
1546.9 691.5
1546.7 691.5
1546.7 691.5
1546.5 691.5
1546.5 691.5
1546.3 691.5
1547.4 691.5
1547.0 691.5
1547.7 691.8
1548.4 691.8
1548.9 691.8
1548.9 691.8
1548.8 691.8
1548.6 691.8
1548.0 691.8
1546.8 691.8
1546.6 691.8
1547.5 691.8
1548.2 691.8
1547.2 691.8
1547.2 691.8
1547.1 691.8
1547.0 691.8
1546.8 691.8
1546.7 691.8
1547.4 691.8
1547.1 691.8
1547.1 691.8
1547.9 691.8
1572.3 728.5
1609.7 728.5
1609.7 728.5
1609.8 728.5
1610.4 728.5
1609.7 728.5
1609.7 728.5
1609.7 728.5
1609.7 728.5
1609.7 728.5
1609.7 728.5
1609.8 728.5
1610.2 728.5
1611.6 728.5
1610.5 728.5
1611.4 728.5
1610.1 728.5
1611.4 728.5
1610.5 728.5
1609.8 728.5
1609.9 728.5
1611.1 728.5
1609.8 728.5
1609.8 728.5
1609.8 728.5
1610.9 728.5
1609.7 728.5
1609.7 728.5
1609.8 728.5
1609.8 728.5
1610.2 728.5
1609.8 728.5
1611.3 728.5
1610.4 728.5
1609.8 728.5
1609.8 728.5
1609.8 728.5
1609.8 728.5
1609.8 728.5
1609.8 728.5
1609.8 728.5
1610.4 728.5
1610.8 728.5
1610.6 728.5
1610.4 728.5
1610.5 728.5
1610.5 728.5
1610.5 728.5
1611.6 728.5
1610.4 728.5
1609.8 728.5
1609.8 728.5
1609.8 728.5
1609.8 728.5
1610.1 728.5
1611.3 728.5
1609.8 728.5
1609.8 728.5
1609.7 728.5
1610.4 728.5
1609.8 728.5
1609.7 728.5
1609.7 728.5
1609.8 728.5
1609.8 728.5
1610.5 728.5
1609.7 728.5
1609.8 728.5
1609.8 728.5
1609.8 728.5
1610.2 728.5
1611.3 728.5
1611.6 728.5
1611.4 728.5
1609.7 728.5
1609.8 728.5
1609.8 728.5
1609.8 728.5
1611.3 728.5
1611.4 728.5
1609.7 728.5
1609.7 728.5
1609.8 728.5
1611.4 728.5
1611.5 728.5
1611.1 728.5
1609.8 728.5
1609.8 728.5
1611.2 728.5
1611.3 728.5
1609.7 728.5
1609.7 728.5
1609.8 728.5
1609.8 728.5
1609.8 728.5
1609.8 728.5
1609.8 728.5
1609.8 728.5
1611.4 728.5
1609.8 728.5
1609.8 728.5
1609.8 728.5
1609.8 728.5
1609.8 728.5
1609.8 728.5
1610.8 728.5
1609.7 728.5
1610.3 728.5
1610.8 728.5
1609.8 728.5
1609.8 728.5
1609.8 728.5
1609.8 728.5
1609.8 728.5
1609.8 728.5
1609.8 728.5
1609.8 728.5
1609.8 728.5
1609.8 728.5
1609.8 728.5
1609.7 728.5
1609.8 728.5
1610.9 728.5
1609.8 728.5
1609.8 728.5
1609.8 728.5
1610.4 728.5
1610.9 728.5
1609.8 728.5
1609.8 728.5
1609.8 728.5
1610.5 728.5
1611.6 728.5
1611.6 728.5
1611.6 728.5
1611.6 728.5
1611.6 728.5
1611.0 728.5
1611.6 728.5
1611.6 728.5
1611.6 728.5
1611.6 728.5
1611.6 728.5
1611.6 728.5
1611.5 728.5
1611.6 728.5
1611.6 728.5
1611.6 728.5
1611.4 728.5
1611.4 728.5
1611.6 728.5
1611.6 728.5
1611.5 728.5
1611.4 728.5
1611.3 728.5
1611.4 728.5
1611.4 728.5
1611.6 728.5
1611.5 728.5
1611.4 728.5
1611.4 728.5
1609.8 728.5
1611.4 728.5
1611.5 728.5
1611.6 728.5
1610.4 728.5
1610.4 728.5
1611.5 728.5
1611.5 728.5
1611.5 728.5
1611.5 728.5
1611.5 728.5
1611.5 728.5
1611.5 728.5
1610.4 728.5
1610.4 728.5
1610.4 728.5
1610.4 728.5
1610.4 728.5
1611.6 728.5
1610.4 728.5
1610.2 728.5
1610.9 728.5
1609.8 728.5
1610.4 728.5
1610.8 728.5
1611.2 728.5
1610.5 728.5
1611.6 728.5
1611.6 728.5
1611.6 728.5
1611.6 728.5
1611.6 728.5
1610.6 728.5
1609.7 728.5
1609.7 728.5
1609.7 728.5
1609.8 728.5
1609.8 728.5
1609.8 728.5
1609.8 728.5
1609.8 728.5
1609.8 728.5
1609.6 728.5
1609.7 728.5
1609.7 728.5
1609.7 728.5
1609.7 728.5
1609.7 728.5
1609.7 728.5
1609.7 728.5
1609.7 728.5
1609.6 728.5
1609.7 728.5
1609.8 728.5
1609.7 728.5
1609.7 728.5
1611.3 728.5
1610.8 728.5
1609.7 728.5
1609.7 728.5
1611.2 728.5
1609.7 728.5
1610.2 728.5
1610.3 728.5
1609.8 728.5
1609.7 728.5
1609.7 728.5
1609.7 728.5
1609.7 728.5
1609.8 728.5
1609.7 728.5
1609.7 728.5
1609.7 728.5
1609.9 728.5
1609.7 728.5
1611.3 728.5
1611.4 728.5
1609.7 728.5
1609.8 728.5
1609.6 728.5
1610.2 728.5
1609.7 728.5
1609.7 728.5
1609.7 728.5
1609.7 728.5
1609.6 728.5
1610.8 728.5
1610.8 728.5
1609.9 728.5
1611.2 728.5
1609.7 728.5
1609.7 728.5
1609.7 728.5
1609.7 728.5
1609.7 728.5
1610.7 728.5
1610.3 728.5
1610.7 728.5
1610.7 728.5
1609.7 728.5
1609.8 728.5
1609.8 728.5
1609.7 728.5
1609.7 728.5
1609.7 728.5
1609.6 728.5
1609.7 728.5
1609.7 728.5
1609.7 728.5
1609.7 728.5
1609.8 728.5
1609.7 728.5
1609.7 728.5
1609.7 728.5
1609.7 728.5
1609.8 728.5
1609.7 728.5
1609.7 728.5
1609.8 728.5
1609.6 728.5
1609.7 728.5
1609.8 728.5
1609.8 728.5
1610.3 728.5
1610.4 728.5
1610.4 728.5
1609.7 728.5
1609.7 728.5
1609.7 728.5
1610.8 728.5
1610.3 728.5
1609.7 728.5
1609.6 728.5
1609.7 728.5
1609.7 728.5
1609.7 728.5
1609.7 728.5
1609.7 728.5
1609.7 728.5
1609.6 728.5
1609.7 728.5
1609.7 728.5
1609.6 728.5
1609.7 728.5
1609.7 728.5
1609.7 728.5
1609.6 728.5
1610.1 728.5
1610.6 728.5
1610.4 728.5
1609.8 728.5
1609.7 728.5
1610.2 728.5
1610.3 728.5
1609.6 728.5
1609.8 728.5
1609.7 728.5
1610.3 728.5
1609.7 728.5
1609.7 728.5
1609.7 728.5
1609.6 728.5
1609.8 728.5
1609.7 728.5
1609.7 728.5
1609.7 728.5
1609.6 728.5
1609.6 728.5
1609.7 728.5
1609.6 728.5
1609.6 728.5
1609.6 728.5
1609.6 728.5
1609.6 728.5
1609.6 728.5
1609.6 728.5
1609.6 728.5
1610.5 728.5
1609.6 728.5
1609.7 728.5
1611.2 728.5
1610.5 728.5
1609.8 728.5
1609.7 728.5
1609.7 728.5
1610.2 728.5
1609.7 728.5
1609.7 728.5
1609.6 728.5
1609.7 728.5
1609.7 728.5
1609.9 728.5
1610.3 728.5
1610.3 728.5
1611.1 728.5
1610.5 728.5
1611.3 728.5
1610.8 728.5
1610.3 728.5
1611.5 728.5
1611.4 728.5
1610.3 728.5
1610.3 728.5
1610.3 728.5
1610.3 728.5
1611.5 728.5
1610.9 728.5
1610.4 728.5
1609.9 728.5
1610.0 728.5
1610.6 728.5
1610.3 728.5
1609.8 728.5
1610.7 728.5
1610.6 728.5
1609.8 728.5
1610.3 728.5
1610.3 728.5
1611.5 728.5
1610.3 728.5
1609.8 728.5
1609.8 728.5
1609.6 728.5
1609.7 728.5
1610.3 728.5
1610.9 728.5
1609.9 728.5
1610.7 728.5
1611.2 728.5
1610.7 728.5
1609.8 728.5
1609.7 728.5
1611.3 728.5
1609.8 728.5
1609.7 728.5
1609.8 728.5
1609.7 728.5
1610.7 728.5
1609.6 728.5
1610.0 728.5
1609.7 728.5
1609.7 728.5
1609.7 728.5
1609.6 728.5
1609.8 728.5
1609.7 728.5
1611.2 728.5
1610.8 728.5
1610.7 728.5
1609.6 728.5
1610.2 728.5
1609.7 728.5
1609.7 728.5
1610.2 728.5
1609.7 728.5
1609.7 728.5
1609.7 728.5
1609.6 728.5
1609.7 728.5
1609.6 728.5
1609.6 728.5
1609.6 728.5
1611.5 728.5
1611.4 728.5
1611.5 728.5
1609.8 728.5
1609.6 728.5
1609.6 728.5
1610.9 728.5
1611.3 728.5
1609.7 728.5
1609.7 728.5
1610.4 728.5
1609.7 728.5
1609.7 728.5
1611.2 728.5
1611.2 728.5
1609.7 728.5
1610.4 728.5
1609.7 728.5
1609.6 728.5
1609.6 728.5
1609.6 728.5
1609.6 728.5
1609.7 728.5
1609.6 728.5
1609.6 728.5
1609.6 728.5
1609.6 728.5
1609.6 728.5
1609.6 728.5
1609.6 728.5
1609.6 728.5
1609.7 728.5
1609.6 728.5
1609.7 728.5
1609.7 728.5
1609.6 728.5
1609.6 728.5
1609.7 728.5
1609.6 728.5
1609.6 728.5
1609.6 728.5
1610.7 728.5
1609.8 728.5
1609.6 728.5
1610.6 728.5
1609.7 728.5
1609.6 728.5
1609.7 728.5
1610.2 728.5
1611.3 728.5
1611.5 728.5
1611.3 728.5
1609.6 728.5
1609.7 728.5
1609.7 728.5
1611.2 728.5
1611.4 728.5
1611.4 728.5
1611.2 728.5
1609.6 728.5
1609.6 728.5
1609.6 728.5
1609.6 728.5
1609.6 728.5
1611.2 728.5
1611.4 728.5
1611.2 728.5
1609.6 728.5
1609.6 728.5
1609.7 728.5
1609.6 728.5
1609.6 728.5
1609.3 728.5
1611.1 728.5
1611.2 728.5
1611.2 728.5
1610.3 728.5
1611.2 728.5
1610.0 728.5
1609.9 728.5
1609.9 728.5
1609.8 728.5
1610.8 728.5
1609.3 728.5
1610.7 728.5
1610.0 728.5
1609.2 728.5
1609.2 728.5
1609.2 728.5
1609.2 728.5
1609.2 728.5
1609.2 728.5
1609.2 728.5
1609.2 728.5
1609.2 728.5
1609.2 728.5
1610.3 728.5
1609.5 728.5
1609.2 728.5
1609.6 728.5
1609.2 728.5
1609.2 728.5
1610.7 728.5
1609.2 728.5
1609.8 728.5
1609.2 728.5
1609.2 728.5
1609.2 728.5
1609.1 728.5
1609.2 728.5
1609.2 728.5
1610.3 728.5
1609.2 728.5
1609.2 728.5
1609.2 728.5
1610.7 728.5
1609.2 728.5
1609.2 728.5
1610.8 728.5
1610.1 728.5
1609.2 728.5
1609.2 728.5
1609.2 728.5
1609.2 728.5
1609.2 728.5
1610.1 728.5
1609.2 728.5
1609.2 728.5
1609.2 728.5
1609.1 728.5
1609.2 728.5
1609.2 728.5
1609.2 728.5
1609.2 728.5
1609.2 728.5
1609.2 728.5
1609.4 728.5
1609.2 728.5
1610.8 728.5
1610.8 728.5
1610.5 728.5
1610.6 728.5
1610.8 728.5
1611.0 728.5
1611.0 728.5
1610.8 728.5
1609.2 728.5
1609.2 728.5
1609.7 728.5
1609.2 728.5
1609.1 728.5
1609.1 728.5
1609.2 728.5
1609.2 728.5
1610.7 728.5
1609.1 728.5
1609.1 728.5
1609.2 728.5
1609.1 728.5
1609.2 728.5
1609.1 728.5
1609.2 728.5
1609.1 728.5
1609.1 728.5
1609.2 728.5
1609.2 728.5
1609.0 728.5
1609.2 728.5
1609.2 728.5
1609.2 728.5
1609.2 728.5
1609.2 728.5
1609.2 728.5
1609.2 728.5
1610.2 728.5
1609.2 728.5
1609.2 728.5
1609.2 728.5
1609.2 728.5
1609.2 728.5
1609.2 728.5
1609.8 728.5
1609.2 728.5
1609.2 728.5
1609.2 728.5
1609.2 728.5
1609.2 728.5
1609.2 728.5
1609.6 728.5
1609.2 728.5
1609.2 728.5
1609.2 728.5
1609.2 728.5
1609.2 728.5
1609.2 728.5
1609.2 728.5
1610.8 728.5
1609.2 728.5
1609.2 728.5
1609.2 728.5
1609.2 728.5
1610.0 728.5
1609.8 728.5
1609.9 728.5
1610.7 728.5
1610.7 728.5
1609.2 728.5
1609.8 728.5
1609.9 728.5
1609.9 728.5
1609.9 728.5
1609.8 728.5
1609.8 728.5
1610.2 728.5
1609.2 728.5
1609.9 728.5
1609.8 728.5
1610.3 728.5
1609.9 728.5
1611.0 728.5
1611.0 728.5
1611.0 728.5
1609.9 728.5
1610.4 728.5
1609.8 728.5
1610.8 728.5
1609.2 728.5
1609.2 728.5
1609.1 728.5
1609.1 728.5
1609.1 728.5
1609.1 728.5
1609.1 728.5
1609.2 728.5
1609.1 728.5
1609.1 728.5
1609.2 728.5
1609.1 728.5
1609.0 728.5
1609.2 728.5
1609.1 728.5
1609.1 728.5
1610.7 728.5
1609.1 728.5
1610.6 728.5
1610.2 728.5
1609.0 728.5
1609.1 728.5
1609.1 728.5
1609.1 728.5
1609.1 728.5
1609.2 728.5
1609.2 728.5
1609.2 728.5
1609.1 728.5
1609.1 728.5
1609.2 728.5
1610.2 728.5
1609.2 728.5
1609.1 728.5
1609.2 728.5
1609.2 728.5
1609.6 728.5
1609.2 728.5
1609.2 728.5
1609.6 728.5
1609.1 728.5
1609.2 728.5
1609.2 728.5
1609.2 728.5
1609.2 728.5
1610.2 728.5
1610.3 728.5
1610.2 728.5
1609.8 728.5
1609.8 728.5
1609.8 728.5
1609.8 728.5
1610.2 728.5
1610.2 728.5
1609.3 728.5
1609.5 728.5
1609.8 728.5
1609.8 728.5
1610.8 728.5
1609.2 728.5
1609.8 728.5
1609.8 728.5
1611.0 728.5
1610.3 728.5
1609.8 728.5
1609.8 728.5
1609.8 728.5
1611.0 728.5
1611.0 728.5
1610.3 728.5
1609.9 728.5
1610.1 728.5
1611.0 728.5
1611.0 728.5
1610.9 728.5
1609.8 728.5
1609.1 728.5
1609.1 728.5
1609.6 728.5
1609.1 728.5
1609.2 728.5
1609.1 728.5
1609.1 728.5
1609.1 728.5
1609.0 728.5
1609.1 728.5
1609.1 728.5
1610.7 728.5
1609.0 728.5
1609.1 728.5
1609.0 728.5
1609.1 728.5
1609.1 728.5
1609.1 728.5
1609.1 728.5
1609.5 728.5
1610.1 728.5
1609.1 728.5
1609.1 728.5
1609.1 728.5
1609.0 728.5
1609.6 728.5
1609.0 728.5
1609.0 728.5
1609.1 728.5
1609.7 728.5
1609.1 728.5
1609.2 728.5
1609.2 728.5
1609.1 728.5
1609.1 728.5
1609.1 728.5
1609.1 728.5
1609.1 728.5
1609.1 728.5
1609.1 728.5
1609.1 728.5
1609.1 728.5
1609.0 728.5
1609.1 728.5
1609.9 728.5
1609.1 728.5
1609.1 728.5
1609.2 728.5
1609.1 728.5
1609.0 728.5
1609.2 728.5
1609.1 728.5
1609.0 728.5
1609.1 728.5
1609.1 728.5
1609.1 728.5
1609.1 728.5
1609.2 728.5
1609.1 728.5
1609.8 728.5
1610.9 728.5
1610.9 728.5
1610.9 728.5
1610.9 728.5
1610.3 728.5
1610.9 728.5
1610.9 728.5
1610.9 728.5
1610.9 728.5
1610.8 728.5
1611.0 728.5
1610.8 728.5
1610.9 728.5
1610.7 728.5
1610.7 728.5
1609.2 728.5
1609.1 728.5
1609.1 728.5
1609.0 728.5
1609.4 728.5
1609.1 728.5
1609.1 728.5
1610.7 728.5
1610.7 728.5
1609.1 728.5
1609.1 728.5
1609.1 728.5
1609.1 728.5
1610.8 728.5
1610.8 728.5
1610.7 728.5
1610.7 728.5
1610.7 728.5
1610.7 728.5
1610.7 728.5
1610.8 728.5
1610.9 728.5
1609.7 728.5
1609.9 728.5
1609.8 728.5
1610.9 728.5
1610.8 728.5
1609.7 728.5
1609.7 728.5
1610.9 728.5
1610.9 728.5
1610.8 728.5
1610.8 728.5
1610.7 728.5
1610.8 728.5
1610.9 728.5
1610.9 728.5
1610.9 728.5
1610.8 728.5
1610.9 728.5
1610.9 728.5
1610.9 728.5
1610.9 728.5
1610.9 728.5
1610.7 728.5
1610.7 728.5
1609.1 728.5
1609.0 728.5
1610.6 728.5
1610.7 728.5
1610.9 728.5
1610.9 728.5
1610.7 728.5
1610.7 728.5
1610.7 728.5
1610.9 728.5
1610.9 728.5
1610.8 728.5
1610.9 728.5
1610.8 728.5
1609.8 728.5
1609.7 728.5
1609.8 728.5
1610.8 728.5
1610.8 728.5
1610.9 728.5
1610.9 728.5
1610.9 728.5
1609.7 728.5
1610.8 728.5
1610.9 728.5
1610.9 728.5
1610.9 728.5
1609.8 728.5
1609.8 728.5
1609.8 728.5
1609.8 728.5
1609.0 728.5
1609.0 728.5
1609.1 728.5
1609.8 728.5
1609.0 728.5
1609.1 728.5
1609.7 728.5
1609.0 728.5
1609.1 728.5
1609.0 728.5
1609.1 728.5
1609.1 728.5
1609.0 728.5
1609.0 728.5
1609.0 728.5
1610.7 728.5
1609.0 728.5
1609.1 728.5
1609.1 728.5
1609.1 728.5
1609.4 728.5
1609.1 728.5
1609.5 728.5
1609.0 728.5
1609.0 728.5
1609.8 728.5
1609.0 728.5
1609.1 728.5
1610.6 728.5
1610.7 728.5
1610.8 728.5
1610.7 728.5
1610.7 728.5
1610.5 728.5
1610.8 728.5
1610.8 728.5
1610.7 728.5
1610.7 728.5
1610.6 728.5
1610.8 728.5
1610.4 728.5
1609.0 728.5
1609.0 728.5
1609.0 728.5
1609.0 728.5
1609.1 728.5
1609.0 728.5
1609.0 728.5
1609.0 728.5
1609.0 728.5
1609.0 728.5
1609.0 728.5
1609.0 728.5
1609.0 728.5
1609.0 728.5
1609.0 728.5
1609.1 728.5
1609.7 728.5
1609.0 728.5
1608.8 728.8
1564.3 728.8
1534.5 729.0
1547.5 729.0
1547.4 729.0
1548.3 729.0
1547.7 729.0
1547.5 729.0
1547.5 729.0
1547.5 729.0
1547.5 729.0
1547.5 729.0
1547.5 729.0
1547.5 729.0
1547.5 729.0
1547.5 729.0
1548.1 729.0
1549.1 729.0
1547.5 729.0
1547.5 729.0
1547.4 729.0
1547.5 729.0
1547.5 729.0
1548.2 729.0
1548.6 729.0
1548.1 729.0
1547.4 729.0
1547.5 729.0
1547.9 729.0
1547.5 729.0
1547.5 729.0
1547.5 729.0
1547.5 729.0
1549.0 729.0
1547.4 729.0
1547.4 729.0
1548.3 729.0
1547.6 729.0
1548.6 729.0
1547.9 729.0
1547.5 729.0
1547.4 729.0
1547.5 729.0
1547.5 729.0
1547.6 729.0
1548.1 729.0
1547.5 729.0
1547.4 729.0
1547.5 729.0
1547.5 729.0
1547.5 729.0
1547.4 729.0
1547.4 729.0
1547.4 729.0
1547.4 729.0
1547.4 729.0
1547.5 729.0
1547.4 729.0
1547.9 729.0
1547.4 729.0
1547.4 729.0
1547.9 729.0
1547.4 729.0
1547.4 729.0
1547.4 729.0
1547.4 729.0
1548.9 729.0
1547.5 729.0
1548.1 729.0
1548.1 729.0
1548.1 729.0
1548.0 729.0
1547.4 729.0
1548.2 729.0
1547.9 729.0
1547.5 729.0
1548.5 729.0
1547.5 729.0
1547.4 729.0
1547.4 729.0
1547.7 729.0
1548.0 729.0
1547.4 729.0
1547.4 729.0
1547.4 729.0
1547.4 729.0
1547.8 729.0
1548.0 729.0
1548.2 729.0
1548.5 729.0
1547.4 729.0
1547.5 729.0
1547.8 729.0
1547.4 729.0
1547.5 729.0
1547.4 729.0
1547.4 729.0
1547.4 729.0
1547.5 729.0
1547.5 729.0
1549.1 729.0
1548.2 729.0
1547.4 729.0
1547.4 729.0
1547.4 729.0
1548.8 729.0
1548.2 729.0
1548.2 729.0
1547.4 729.0
1547.5 729.0
1548.8 729.0
1547.4 729.0
1547.4 729.0
1547.4 729.0
1547.9 729.0
1547.4 729.0
1547.5 729.0
1547.5 729.0
1547.4 729.0
1548.4 729.0
1548.2 729.0
1548.5 729.0
1549.0 729.0
1549.0 729.0
1547.4 729.0
1548.5 729.0
1548.4 729.0
1547.4 729.0
1547.5 729.0
1547.4 729.0
1549.0 729.0
1548.8 729.0
1547.4 729.0
1547.4 729.0
1547.4 729.0
1547.4 729.0
1549.2 729.0
1549.2 729.0
1547.4 729.0
1547.4 729.0
1547.4 729.0
1548.8 729.0
1547.4 729.0
1547.4 729.0
1547.4 729.0
1547.4 729.0
1547.4 729.0
1547.4 729.0
1547.4 729.0
1549.0 729.0
1549.0 729.0
1547.5 729.0
1547.4 729.0
1547.4 729.0
1547.5 729.0
1548.8 729.0
1549.0 729.0
1547.4 729.0
1547.4 729.0
1547.4 729.0
1547.5 729.0
1547.4 729.0
1548.0 729.0
1548.0 729.0
1547.4 729.0
1547.5 729.0
1547.5 729.0
1549.0 729.0
1548.2 729.0
1547.5 729.0
1547.5 729.0
1547.4 729.0
1547.4 729.0
1547.9 729.0
1547.4 729.0
1547.4 729.0
1547.4 729.0
1547.4 729.0
1547.4 729.0
1547.4 729.0
1547.4 729.0
1547.4 729.0
1547.5 729.0
1547.4 729.0
1547.4 729.0
1549.1 729.0
1549.0 729.0
1547.4 729.0
1547.5 729.0
1547.4 729.0
1547.4 729.0
1547.4 729.0
1547.4 729.0
1549.0 729.0
1548.5 729.0
1547.4 729.0
1549.0 729.0
1547.4 729.0
1547.9 729.0
1547.4 729.0
1548.3 729.0
1547.4 729.0
1547.4 729.0
1549.0 729.0
1547.4 729.0
1547.4 729.0
1547.4 729.0
1549.0 729.0
1549.2 729.0
1547.4 729.0
1547.4 729.0
1547.4 729.0
1547.4 729.0
1547.4 729.0
1547.4 729.0
1548.3 729.0
1547.4 729.0
1547.4 729.0
1548.0 729.0
1547.8 729.0
1547.4 729.0
1547.4 729.0
1547.4 729.0
1547.4 729.0
1547.9 729.0
1547.4 729.0
1548.1 729.0
1547.4 729.0
1548.5 729.0
1547.4 729.0
1547.3 729.0
1547.4 729.0
1548.9 729.0
1548.1 729.0
1548.4 729.0
1548.1 729.0
1549.0 729.0
1549.2 729.0
1549.2 729.0
1549.2 729.0
1547.4 729.0
1547.4 729.0
1547.4 729.0
1547.4 729.0
1547.4 729.0
1549.0 729.0
1549.0 729.0
1547.4 729.0
1548.4 729.0
1547.4 729.0
1547.4 729.0
1547.5 729.0
1547.4 729.0
1547.4 729.0
1547.4 729.0
1547.4 729.0
1547.4 729.0
1547.4 729.0
1547.4 729.0
1547.4 729.0
1547.4 729.0
1547.5 729.0
1547.9 729.0
1547.4 729.0
1547.4 729.0
1547.5 729.0
1547.4 729.0
1547.4 729.0
1547.4 729.0
1547.4 729.0
1547.4 729.0
1547.4 729.0
1547.4 729.0
1549.0 729.0
1548.6 729.0
1547.4 729.0
1547.4 729.0
1547.4 729.0
1547.9 729.0
1547.4 729.0
1547.4 729.0
1547.4 729.0
1548.9 729.0
1547.4 729.0
1547.4 729.0
1547.4 729.0
1547.4 729.0
1547.5 729.0
1547.4 729.0
1547.4 729.0
1547.5 729.0
1548.4 729.0
1547.4 729.0
1547.4 729.0
1547.4 729.0
1547.5 729.0
1547.4 729.0
1547.9 729.0
1549.0 729.0
1547.4 729.0
1547.3 729.0
1547.3 729.0
1547.3 729.0
1548.9 729.0
1547.4 729.0
1547.4 729.0
1547.4 729.0
1547.3 729.0
1547.3 729.0
1547.4 729.0
1547.3 729.0
1547.3 729.0
1547.4 729.0
1547.4 729.0
1548.0 729.0
1548.0 729.0
1548.0 729.0
1547.5 729.0
1547.4 729.0
1547.3 729.0
1547.4 729.0
1547.5 729.0
1547.4 729.0
1549.0 729.0
1549.1 729.0
1547.4 729.0
1547.4 729.0
1547.5 729.0
1547.4 729.0
1548.8 729.0
1549.0 729.0
1547.4 729.0
1547.4 729.0
1547.4 729.0
1547.4 729.0
1547.4 729.0
1547.3 729.0
1547.4 729.0
1547.4 729.0
1548.9 729.0
1547.4 729.0
1547.4 729.0
1548.0 729.0
1548.0 729.0
1547.4 729.0
1547.8 729.0
1547.4 729.0
1547.4 729.0
1547.4 729.0
1547.4 729.0
1547.4 729.0
1547.4 729.0
1547.6 729.0
1547.4 729.0
1547.4 729.0
1547.4 729.0
1547.4 729.0
1547.7 729.0
1547.4 729.0
1547.8 729.0
1547.4 729.0
1547.3 729.0
1547.6 729.0
1547.4 729.0
1547.9 729.0
1547.4 729.0
1548.1 729.0
1547.3 729.0
1547.8 729.0
1547.9 729.0
1547.4 729.0
1549.0 729.0
1547.4 729.0
1548.4 729.0
1548.9 729.0
1547.4 729.0
1547.4 729.0
1547.4 729.0
1547.3 729.0
1549.0 729.0
1547.5 729.0
1548.1 729.0
1547.4 729.0
1547.4 729.0
1547.4 729.0
1547.3 729.0
1547.5 729.0
1547.3 729.0
1547.3 729.0
1547.4 729.0
1547.4 729.0
1547.9 729.0
1547.9 729.0
1548.0 729.0
1548.9 729.0
1548.3 729.0
1547.7 729.0
1547.3 729.0
1547.4 729.0
1547.4 729.0
1547.4 729.0
1547.4 729.0
1549.0 729.0
1549.2 729.0
1549.0 729.0
1548.9 729.0
1547.4 729.0
1547.4 729.0
1547.8 729.0
1548.9 729.0
1549.2 729.0
1548.8 729.0
1547.4 729.0
1547.4 729.0
1548.7 729.0
1549.0 729.0
1549.2 729.0
1549.2 729.0
1549.2 729.0
1549.0 729.0
1549.1 729.0
1549.1 729.0
1549.2 729.0
1549.0 729.0
1548.9 729.0
1549.1 729.0
1549.1 729.0
1549.2 729.0
1549.0 729.0
1549.0 729.0
1549.2 729.0
1549.2 729.0
1549.0 729.0
1549.0 729.0
1548.9 729.0
1549.2 729.0
1549.2 729.0
1549.2 729.0
1549.1 729.0
1549.0 729.0
1549.1 729.0
1549.1 729.0
1549.1 729.0
1547.4 729.0
1547.4 729.0
1547.4 729.0
1549.0 729.0
1549.0 729.0
1547.4 729.0
1547.4 729.0
1547.4 729.0
1547.3 729.0
1547.4 729.0
1549.0 729.0
1549.1 729.0
1548.7 729.0
1547.4 729.0
1547.9 729.0
1547.3 729.0
1547.4 729.0
1547.3 729.0
1547.3 729.0
1547.5 729.0
1548.0 729.0
1548.0 729.0
1548.1 729.0
1548.0 729.0
1548.0 729.0
1548.9 729.0
1547.4 729.0
1548.0 729.0
1548.0 729.0
1549.0 729.0
1549.1 729.0
1549.1 729.0
1549.1 729.0
1549.1 729.0
1549.0 729.0
1549.1 729.0
1549.1 729.0
1549.0 729.0
1549.1 729.0
1549.2 729.0
1549.2 729.0
1549.0 729.0
1547.4 729.0
1547.3 729.0
1548.4 729.0
1547.3 729.0
1547.9 729.0
1547.3 729.0
1547.3 729.0
1547.3 729.0
1547.4 729.0
1548.4 729.0
1547.3 729.0
1548.9 729.0
1549.0 729.0
1547.3 729.0
1548.1 729.0
1547.5 729.0
1547.3 729.0
1547.2 729.0
1547.3 729.0
1547.3 729.0
1547.3 729.0
1548.9 729.0
1548.4 729.0
1547.8 729.0
1547.4 729.0
1547.3 729.0
1547.3 729.0
1547.2 729.0
1547.2 729.0
1547.4 729.0
1548.8 729.0
1547.3 729.0
1548.2 729.0
1547.4 729.0
1547.3 729.0
1547.3 729.0
1547.5 729.0
1548.0 729.0
1548.0 729.0
1549.2 729.0
1548.5 729.0
1548.0 729.0
1547.8 729.0
1548.0 729.0
1548.0 729.0
1548.0 729.0
1548.0 729.0
1548.0 729.0
1547.3 729.0
1547.3 729.0
1547.4 729.0
1547.3 729.0
1547.4 729.0
1547.2 729.0
1547.3 729.0
1547.3 729.0
1547.4 729.0
1540.0 729.3
1539.6 729.3
1539.6 729.3
1539.6 729.3
1540.5 729.3
1539.6 729.3
1539.6 729.3
1539.6 729.3
1539.7 729.3
1539.6 729.3
1539.7 729.3
1539.6 729.3
1539.6 729.3
1539.6 729.3
1540.2 729.3
1539.6 729.3
1540.1 729.3
1539.6 729.3
1539.6 729.3
1539.6 729.3
1539.6 729.3
1539.6 729.3
1539.6 729.3
1539.6 729.3
1541.2 729.3
1539.6 729.3
1539.6 729.3
1539.6 729.3
1539.7 729.3
1539.6 729.3
1541.2 729.3
1541.2 729.3
1540.1 729.3
1539.9 729.3
1540.4 729.3
1539.6 729.3
1539.6 729.3
1539.7 729.3
1539.6 729.3
1539.6 729.3
1539.6 729.3
1539.6 729.3
1540.7 729.3
1539.6 729.3
1539.6 729.3
1540.6 729.3
1540.0 729.3
1539.6 729.3
1541.5 729.3
1541.2 729.3
1539.6 729.3
1539.7 729.3
1540.3 729.3
1541.2 729.3
1539.6 729.3
1539.6 729.3
1539.7 729.3
1539.6 729.3
1539.6 729.3
1539.6 729.3
1539.7 729.3
1540.5 729.3
1539.6 729.3
1539.6 729.3
1539.6 729.3
1540.3 729.3
1539.6 729.3
1541.2 729.3
1541.2 729.3
1539.6 729.3
1539.6 729.3
1539.6 729.3
1539.6 729.3
1540.5 729.3
1539.6 729.3
1539.6 729.3
1539.6 729.3
1539.8 729.3
1539.6 729.3
1539.6 729.3
1541.1 729.3
1539.6 729.3
1539.5 729.3
1539.6 729.3
1539.6 729.3
1539.6 729.3
1540.2 729.3
1540.5 729.3
1540.7 729.3
1540.2 729.3
1541.4 729.3
1541.4 729.3
1541.4 729.3
1540.2 729.3
1540.2 729.3
1540.3 729.3
1540.2 729.3
1540.2 729.3
1539.5 729.3
1539.5 729.3
1540.2 729.3
1540.2 729.3
1539.5 729.3
1539.6 729.3
1539.6 729.3
1539.5 729.3
1539.6 729.3
1539.5 729.3
1539.6 729.3
1539.6 729.3
1539.5 729.3
1539.6 729.3
1539.5 729.3
1539.6 729.3
1539.5 729.3
1539.6 729.3
1539.5 729.3
1540.7 729.3
1539.6 729.3
1539.6 729.3
1539.6 729.3
1539.6 729.3
1539.5 729.3
1539.6 729.3
1539.5 729.3
1539.6 729.3
1539.6 729.3
1539.6 729.3
1539.5 729.3
1539.6 729.3
1540.5 729.3
1541.1 729.3
1540.8 729.3
1540.5 729.3
1539.6 729.3
1539.6 729.3
1539.6 729.3
1539.8 729.3
1539.5 729.3
1539.6 729.3
1539.7 729.3
1539.5 729.3
1539.7 729.3
1539.5 729.3
1541.2 729.3
1541.4 729.3
1541.1 729.3
1539.5 729.3
1539.7 729.3
1539.6 729.3
1539.6 729.3
1540.2 729.3
1540.2 729.3
1540.7 729.3
1541.2 729.3
1539.6 729.3
1539.5 729.3
1539.6 729.3
1539.6 729.3
1539.5 729.3
1540.4 729.3
1540.2 729.3
1540.2 729.3
1541.1 729.3
1540.3 729.3
1539.6 729.3
1539.5 729.3
1539.5 729.3
1539.5 729.3
1539.5 729.3
1539.5 729.3
1539.5 729.3
1541.2 729.3
1541.3 729.3
1541.2 729.3
1539.6 729.3
1539.6 729.3
1539.6 729.3
1540.8 729.3
1540.9 729.3
1539.5 729.3
1539.5 729.3
1539.6 729.3
1539.5 729.3
1539.5 729.3
1539.6 729.3
1539.6 729.3
1539.5 729.3
1539.6 729.3
1540.2 729.3
1539.6 729.3
1539.6 729.3
1539.5 729.3
1539.6 729.3
1540.6 729.3
1539.5 729.3
1539.5 729.3
1540.9 729.3
1539.6 729.3
1539.6 729.3
1539.5 729.3
1539.6 729.3
1539.6 729.3
1539.6 729.3
1540.8 729.3
1541.4 729.3
1541.4 729.3
1541.4 729.3
1541.4 729.3
1540.9 729.3
1541.2 729.3
1541.2 729.3
1541.2 729.3
1541.4 729.3
1541.4 729.3
1541.4 729.3
1541.2 729.3
1541.2 729.3
1540.0 729.3
1541.2 729.3
1541.4 729.3
1541.3 729.3
1541.4 729.3
1541.4 729.3
1541.4 729.3
1541.3 729.3
1541.4 729.3
1541.2 729.3
1541.2 729.3
1541.2 729.3
1541.4 729.3
1541.2 729.3
1539.6 729.3
1539.6 729.3
1539.7 729.3
1539.6 729.3
1539.6 729.3
1539.5 729.3
1541.1 729.3
1541.3 729.3
1541.4 729.3
1541.4 729.3
1539.6 729.3
1539.5 729.3
1540.2 729.3
1539.5 729.3
1540.0 729.3
1539.5 729.3
1539.6 729.3
1539.5 729.3
1540.5 729.3
1541.1 729.3
1540.1 729.3
1539.5 729.3
1539.5 729.3
1539.5 729.3
1539.5 729.3
1539.5 729.3
1539.5 729.3
1540.2 729.3
1540.2 729.3
1539.7 729.3
1540.4 729.3
1540.1 729.3
1541.3 729.3
1540.2 729.3
1540.3 729.3
1540.2 729.3
1541.2 729.3
1541.3 729.3
1540.6 729.3
1540.1 729.3
1541.1 729.3
1540.6 729.3
1540.9 729.3
1539.5 729.3
1539.5 729.3
1539.7 729.3
1540.9 729.3
1539.5 729.3
1539.5 729.3
1539.5 729.3
1539.6 729.3
1541.1 729.3
1539.5 729.3
1539.5 729.3
1541.1 729.3
1541.3 729.3
1539.5 729.3
1539.5 729.3
1539.6 729.3
1539.5 729.3
1540.6 729.3
1540.6 729.3
1539.5 729.3
1541.1 729.3
1541.0 729.3
1539.5 729.3
1539.6 729.3
1539.5 729.3
1539.5 729.3
1539.5 729.3
1539.5 729.3
1539.5 729.3
1539.6 729.3
1539.5 729.3
1539.4 729.3
1539.5 729.3
1539.5 729.3
1539.5 729.3
1539.5 729.3
1539.5 729.3
1539.5 729.3
1540.2 729.3
1540.5 729.3
1540.2 729.3
1540.5 729.3
1540.5 729.3
1539.6 729.3
1539.5 729.3
1540.2 729.3
1540.1 729.3
1540.0 729.3
1539.5 729.3
1539.5 729.3
1540.1 729.3
1539.5 729.3
1540.0 729.3
1539.5 729.3
1539.5 729.3
1539.5 729.3
1539.5 729.3
1539.9 729.3
1539.5 729.3
1540.5 729.3
1539.6 729.3
1539.6 729.3
1539.5 729.3
1539.5 729.3
1539.5 729.3
1539.5 729.3
1540.5 729.3
1539.5 729.3
1539.5 729.3
1539.5 729.3
1539.5 729.3
1539.5 729.3
1539.5 729.3
1539.5 729.3
1539.5 729.3
1539.5 729.3
1539.5 729.3
1539.5 729.3
1539.5 729.3
1539.5 729.3
1539.6 729.3
1539.5 729.3
1539.5 729.3
1539.5 729.3
1539.5 729.3
1539.6 729.3
1539.5 729.3
1539.5 729.3
1539.5 729.3
1539.5 729.3
1540.6 729.3
1539.5 729.3
1540.0 729.3
1540.3 729.3
1539.5 729.3
1539.6 729.3
1539.5 729.3
1539.6 729.3
1541.1 729.3
1539.5 729.3
1539.5 729.3
1539.5 729.3
1540.0 729.3
1540.9 729.3
1539.5 729.3
1539.5 729.3
1539.5 729.3
1539.5 729.3
1539.5 729.3
1539.5 729.3
1539.5 729.3
1539.5 729.3
1539.5 729.3
1539.5 729.3
1539.5 729.3
1539.7 729.3
1540.2 729.3
1541.3 729.3
1540.1 729.3
1539.6 729.3
1539.5 729.3
1539.5 729.3
1539.5 729.3
1539.6 729.3
1539.5 729.3
1539.5 729.3
1540.1 729.3
1541.1 729.3
1539.5 729.3
1539.5 729.3
1539.5 729.3
1539.6 729.3
1541.1 729.3
1541.2 729.3
1541.3 729.3
1541.2 729.3
1541.2 729.3
1541.3 729.3
1541.3 729.3
1541.2 729.3
1541.1 729.3
1541.1 729.3
1541.2 729.3
1541.0 729.3
1541.3 729.3
1540.4 729.3
1540.0 729.3
1535.7 729.3
1536.1 729.3
1536.2 729.3
1535.8 729.3
1514.9 730.0
1475.8 730.0
1445.9 730.0
1405.1 730.0
1380.1 730.0
1369.8 730.0
1360.1 730.0
1418.3 730.0
1418.0 730.0
1418.5 730.0
1418.1 730.0
1416.0 730.0
1416.0 730.0
1416.0 730.0
1416.0 730.0
1416.0 730.0
1416.0 730.0
1416.0 730.0
1416.0 730.0
1416.0 730.0
1416.0 730.0
1416.8 730.0
1416.0 730.0
1415.9 730.0
1416.0 730.0
1416.0 730.0
1416.0 730.0
1415.9 730.0
1416.0 730.0
1415.9 730.0
1415.9 730.0
1415.9 730.0
1415.9 730.0
1415.9 730.0
1416.6 730.0
1416.6 730.0
1417.3 730.0
1416.8 730.0
1416.7 730.0
1417.0 730.0
1416.6 730.0
1417.7 730.0
1417.7 730.0
1416.6 730.0
1416.0 730.0
1415.9 730.0
1416.1 730.0
1416.6 730.0
1418.7 730.0
1418.7 730.0
1418.5 730.0
1417.0 730.0
1416.9 730.0
1421.3 730.0
1400.3 730.0
1370.3 730.0
1346.0 730.0
1344.7 730.0
1331.0 730.0
1335.2 730.0
1331.3 730.0
1325.3 730.0
1325.8 730.0
1325.5 730.0
1325.7 730.0
1337.9 730.0
1337.6 730.0
1332.7 730.0
1330.5 730.0
1330.1 730.0
1330.3 730.0
1330.1 730.0
1330.6 730.0
1329.5 730.0
1330.5 730.0
1329.6 730.0
1329.1 730.0
1329.7 730.0
1329.4 730.0
1328.3 730.0
1328.4 730.0
1329.1 730.0
1330.0 730.0
1329.5 730.0
1329.6 730.0
1329.5 730.0
1329.5 730.0
1329.2 730.0
1337.8 730.0
1336.7 730.0
1335.9 730.0
1337.8 730.0
1343.0 730.0
1342.6 730.0
1342.4 730.0
1339.9 730.0
1348.4 730.0
1348.1 730.0
1348.3 730.0
1350.7 730.0
1351.1 730.0
1351.6 730.0
1349.5 730.0
1349.6 730.0
1349.1 730.0
1349.0 730.0
1350.4 730.0
1349.3 730.0
1349.3 730.0
1349.3 730.0
1349.8 730.0
1350.8 730.0
1349.0 730.0
1349.7 730.0
1348.5 730.0
1360.1 730.0
1359.4 730.0
1359.2 730.0
1358.6 730.0
1360.0 730.0
1357.8 730.0
1358.7 730.0
1357.9 730.0
1358.4 730.0
1359.9 730.0
1359.5 730.0
1361.1 730.0
1361.6 730.0
1359.3 730.0
1358.9 730.0
1359.2 730.0
1360.0 730.0
1359.5 730.0
1360.4 730.0
1360.4 730.0
1360.2 730.0
1358.1 730.0
1360.0 730.0
1358.8 730.0
1356.4 730.0
1357.1 730.0
1357.8 730.0
1356.9 730.0
1356.8 730.0
1356.5 730.0
1358.1 730.0
1356.6 730.0
1356.9 730.0
1357.0 730.0
1356.6 730.0
1356.6 730.0
1356.4 730.0
1356.3 730.0
1356.6 730.0
1355.4 730.0
1356.4 730.0
1355.9 730.0
1355.8 730.0
1355.7 730.0
1355.6 730.0
1355.5 730.0
1355.3 730.0
1355.1 730.0
1355.8 730.0
1355.7 730.0
1355.5 730.0
1355.3 730.0
1355.2 730.0
1356.8 730.0
1356.0 730.0
1355.9 730.0
1356.6 730.0
1356.7 730.0
1354.7 730.0
1355.2 730.0
1356.0 730.0
1355.1 730.0
1356.5 730.0
1354.8 730.0
1354.6 730.0
1355.2 730.0
1355.1 730.0
1354.9 730.0
1354.8 730.0
1354.4 730.0
1354.8 730.0
1355.2 730.0
1355.0 730.0
1356.1 730.0
1355.0 730.0
1354.5 730.0
1355.4 730.0
1354.3 730.0
1354.7 730.0
1355.4 730.0
1354.7 730.0
1354.4 730.0
1353.8 730.0
1354.3 730.0
1354.7 730.0
1354.4 730.0
1354.0 730.0
1354.2 730.0
1353.8 730.0
1355.6 730.0
1356.2 730.0
1355.2 730.0
1354.1 730.0
1354.6 730.0
1354.3 730.0
1354.5 730.0
1354.8 730.0
1356.1 730.0
1355.6 730.0
1354.7 730.0
1354.4 730.0
1354.7 730.0
1355.3 730.0
1353.8 730.0
1353.6 730.0
1353.6 730.0
1353.5 730.0
1353.3 730.0
1355.1 730.0
1355.5 730.0
1354.7 730.0
1354.7 730.0
1354.5 730.0
1355.0 730.0
1354.2 730.0
1354.1 730.0
1353.7 730.0
1353.6 730.0
1353.4 730.0
1353.3 730.0
1353.1 730.0
1353.0 730.0
1352.9 730.0
1354.7 730.0
1353.5 730.0
1354.1 730.0
1354.9 730.0
1353.1 730.0
1354.1 730.0
1354.6 730.0
1356.1 730.0
1356.0 730.0
1354.2 730.0
1354.8 730.0
1353.6 730.0
1353.5 730.0
1353.4 730.0
1354.1 730.0
1354.0 730.0
1354.0 730.0
1353.8 730.0
1353.7 730.0
1353.6 730.0
1355.0 730.0
1354.8 730.0
1354.9 730.0
1354.6 730.0
1354.8 730.0
1354.1 730.0
1354.1 730.0
1354.7 730.0
1354.1 730.0
1354.5 730.0
1354.4 730.0
1354.1 730.0
1353.4 730.0
1353.3 730.0
1352.9 730.0
1353.7 730.0
1353.6 730.0
1353.3 730.0
1353.3 730.0
1354.0 730.0
1353.8 730.0
1353.5 730.0
1353.3 730.0
1353.1 730.0
1353.2 730.0
1353.6 730.0
1352.6 730.0
1353.1 730.0
1352.3 730.0
1353.5 730.0
1352.7 730.0
1353.4 730.0
1352.4 730.0
1352.8 730.0
1353.9 730.0
1355.4 730.0
1353.6 730.0
1353.9 730.0
1353.9 730.0
1353.3 730.0
1353.1 730.0
1352.8 730.0
1352.5 730.0
1355.4 730.0
1332.7 730.0
1306.3 730.0
1274.6 730.0
1240.2 730.0
1204.7 730.0
1166.9 730.0
1136.9 730.0
1088.9 730.0
1043.7 730.0
1005.2 730.0
951.2 730.0
891.6 730.0
818.8 730.0
767.4 730.0
721.4 730.0
673.5 730.0
613.9 730.0
547.7 730.0
478.8 730.0
411.5 730.0
328.4 730.0
227.4 730.0
93.5 730.0
62.3 729.3
51.5 391.8
56.8 291.2
51.6 215.6
56.0 15.8
