TIME MEM VIRT RES SHR CPU FREE SWAP
0.2 223412 3848 2776 23.5 1351.2 714.0
0.6 231596 12032 2776 31.2 1335.9 714.3
1.5 247172 27608 2776 31.2 1307.1 714.3
2.4 263804 44240 2776 29.4 1275.0 714.3
3.2 280172 60608 2776 31.2 1248.2 714.3
3.5 284792 65096 2776 26.7 1235.3 714.8
4.4 301952 82256 2776 46.7 1207.3 714.8
4.6 306176 86480 2776 12.5 1196.2 714.8
5.1 315680 95984 2776 18.8 1181.3 714.8
5.4 320828 101264 2776 37.5 1170.9 714.8
6.2 334820 115256 2776 37.5 1144.9 714.8
6.9 349076 129512 2776 31.2 1118.8 714.8
7.4 357656 138224 2776 40.0 1104.4 714.8
7.7 364256 144560 2776 11.8 1091.9 714.8
8.1 371252 151688 2776 50.0 1079.1 714.8
8.5 378644 159080 2776 37.5 1065.4 714.8
9.0 387092 167528 2776 26.7 1051.8 714.8
9.4 394748 175184 2776 26.3 1037.7 714.8
9.7 400952 181256 2776 13.3 1026.6 714.8
10.0 406364 186800 2776 26.7 1015.7 714.8
10.3 412436 192872 2776 30.0 1004.0 714.8
10.7 420620 201056 2776 37.5 990.7 714.8
11.3 431708 212144 2776 33.3 970.0 714.8
12.0 443456 223760 2776 37.5 950.5 714.8
12.4 451640 231944 2776 35.3 931.9 714.8
13.1 463916 244352 2776 31.2 911.3 714.8
13.5 471968 252272 2776 22.7 897.7 714.8
13.7 476720 257024 2776 37.5 886.5 714.8
14.0 482528 262832 2776 31.6 877.7 714.8
14.3 487148 267584 2776 13.3 868.6 714.8
14.8 497312 277616 2776 25.0 851.7 714.8
15.5 509984 290552 2776 35.3 828.4 714.8
16.2 522920 303224 2776 41.2 806.6 714.8
16.9 535064 315632 2776 26.7 782.3 714.8
17.6 548660 329096 2776 25.0 756.5 714.8
18.3 562652 343088 2776 20.0 731.0 714.8
19.1 576116 356552 2776 35.3 705.3 714.8
19.8 590636 371072 2776 25.0 682.1 714.8
20.6 605552 385856 2776 5.9 654.8 714.8
21.4 619544 399848 2776 41.2 627.9 714.8
21.8 627464 407768 2776 12.5 612.8 714.8
22.6 641984 422288 2776 31.2 588.3 714.8
23.3 656108 436544 2776 31.2 560.8 714.8
24.1 670892 451328 2776 31.2 536.9 714.8
24.9 684752 465320 2776 18.2 510.1 714.8
25.6 699140 479576 2776 31.2 483.8 714.8
26.4 713792 494096 2776 30.0 456.5 714.8
27.2 728576 509144 2776 37.5 429.2 714.8
28.0 743624 523928 2776 37.5 401.2 714.8
28.7 756956 537392 2776 31.6 380.0 714.8
29.3 767648 547952 2776 35.3 358.9 714.8
30.0 781376 561680 2776 18.8 331.4 714.8
30.7 794312 574880 2776 23.8 307.2 714.8
31.5 809360 589664 2776 25.0 282.7 714.8
31.9 815828 596264 2776 17.6 270.0 714.8
32.6 830084 610520 2776 31.2 244.8 714.8
33.4 843680 623984 2776 37.5 220.2 714.8
34.1 857408 637712 2776 25.0 193.7 714.8
34.9 872720 653024 2776 12.5 165.7 714.8
35.7 887372 667808 2776 37.5 141.8 714.8
36.5 902288 682592 2776 37.5 111.5 714.8
37.2 915488 695792 2776 18.2 91.4 714.8
38.0 931328 711632 2776 25.0 62.9 715.3
38.7 944000 724304 2776 8.3 72.4 715.3
39.1 951128 731432 2776 25.0 70.1 715.3
39.5 958520 738824 2776 31.2 92.8 715.0
39.9 966836 747272 2776 18.8 76.5 715.0
40.4 976208 756512 2776 33.3 95.8 714.0
40.8 983468 763904 2776 13.3 78.3 715.0
41.4 993104 773672 2776 40.0 77.1 714.0
41.7 999176 779480 2776 40.0 65.7 714.0
42.0 1006304 786608 2776 56.2 65.1 714.0
42.7 1017524 797960 2776 40.0 67.9 702.5
43.2 1028480 808784 2776 23.5 71.7 696.7
43.9 1041812 822248 2776 26.3 80.1 674.8
44.4 1050788 829856 2644 12.1 69.0 653.8
44.4 1056200 831212 2644 12.5 61.9 638.8
43.9 1058972 821668 2644 0.0 74.1 627.8
44.1 1063328 825892 2644 37.5 80.2 618.0
44.3 1070588 828024 2644 40.0 66.3 611.8
44.4 1079036 831612 2644 35.3 67.1 596.4
44.5 1086824 832376 2644 26.7 65.3 588.8
44.7 1098308 837032 2644 23.5 76.1 567.0
44.5 1102400 831952 2644 40.0 66.5 561.8
44.6 1112300 833508 2644 37.5 69.8 551.3
44.5 1119692 832696 2644 17.6 77.6 535.5
44.7 1122728 835600 2644 18.8 71.9 535.8
44.8 1124312 837448 2644 0.0 68.2 535.8
44.8 1129328 838688 2644 20.0 61.2 485.0
44.0 1148996 823560 2644 43.8 67.6 465.3
44.1 1158764 824808 2644 37.5 70.7 449.8
43.9 1168796 820640 2644 37.5 67.5 424.3
44.2 1180544 826068 2644 37.5 74.9 402.0
44.1 1186220 825836 2644 31.2 73.3 392.5
44.1 1191368 825120 2644 37.5 70.0 392.5
44.2 1197440 827688 2644 25.0 75.5 380.2
44.5 1204568 831964 2644 43.8 66.1 353.0
43.8 1215128 820072 2644 18.8 83.2 330.0
44.1 1224896 824140 2644 18.8 78.7 319.5
44.0 1228988 822576 2644 37.5 66.6 316.0
44.0 1234928 824068 2644 25.0 65.8 312.3
44.2 1237964 827236 2644 24.0 62.0 306.0
43.8 1239680 819324 2644 17.6 84.0 294.0
44.0 1243904 823284 2644 12.5 69.9 294.0
44.2 1254596 826040 2644 31.2 76.1 279.2
44.1 1265552 825780 2644 37.5 71.8 259.5
44.4 1276376 830712 2644 23.8 69.0 237.5
44.3 1280864 828684 2644 37.5 67.7 237.5
44.3 1287860 828276 2644 13.3 71.6 213.5
43.8 1291028 818556 2644 33.3 71.5 200.8
44.1 1296836 824364 2644 31.2 65.5 194.5
43.6 1299080 815000 2644 18.8 81.9 180.6
43.9 1304888 820528 2644 43.8 72.5 180.6
44.2 1311488 827128 2644 40.0 67.8 165.2
44.1 1321652 824332 2644 18.8 66.0 154.9
44.2 1329440 826288 2644 12.5 65.7 135.8
43.9 1337624 821440 2644 43.8 74.1 124.1
44.2 1342640 826720 2644 20.0 67.7 124.1
44.0 1345676 823732 2644 5.9 72.7 104.0
43.4 1348844 812188 2644 12.5 94.1 82.4
43.6 1354916 814928 2644 33.3 83.8 82.4
44.0 1363100 823112 2644 25.0 67.5 82.4
43.8 1369304 820212 2644 6.2 84.2 59.0
44.1 1378148 824936 2644 25.0 66.2 59.0
43.8 1384880 819944 2644 12.5 67.2 15.7
43.2 1394252 807568 2644 20.0 83.4 0.2
43.6 1402700 816016 2644 37.5 66.7 0.2
44.0 1410488 823568 2644 25.0 65.0 0.0
44.4 1418276 830980 2136 4.3 62.5 0.0
44.8 1427120 837976 540 4.4 51.0 0.0
812.0 355.6
797.1 356.3
790.3 356.6
787.4 356.6
777.5 356.6
769.5 356.6
758.9 356.6
752.0 356.6
743.8 356.8
733.4 356.8
714.9 356.8
696.6 356.8
680.0 356.8
673.6 356.8
662.4 356.8
652.6 356.8
636.2 357.8
622.8 358.3
605.7 358.3
587.4 358.6
566.8 358.6
550.9 358.6
539.6 358.6
523.7 358.6
506.7 358.6
493.7 358.6
478.0 358.6
459.9 358.6
441.3 358.6
431.3 358.8
426.2 358.8
419.7 358.8
408.7 359.6
397.5 359.6
391.4 359.6
380.6 359.6
367.0 359.6
348.5 359.6
326.3 359.6
304.5 359.6
284.5 359.8
261.8 359.8
240.3 359.8
229.8 359.8
214.5 359.8
194.6 359.8
174.1 359.8
155.8 359.8
137.1 359.8
119.8 359.8
102.9 359.8
84.6 360.1
66.9 360.1
63.8 353.6
66.6 342.8
67.3 332.3
64.1 325.4
65.7 319.9
61.1 295.8
76.9 280.5
71.7 270.6
72.5 258.3
67.2 258.3
76.8 240.9
63.0 231.7
70.6 223.2
80.1 200.4
64.1 200.4
66.0 171.0
73.4 167.2
67.1 167.2
70.6 142.4
66.9 125.3
99.4 103.2
91.9 103.2
77.1 103.2
69.5 103.4
68.3 94.3
68.0 94.3
72.8 84.6
72.1 84.6
71.4 84.6
66.7 84.6
62.5 76.7
71.0 76.4
68.0 76.4
62.1 66.7
73.8 46.9
72.7 46.9
81.5 25.4
64.7 24.2
65.6 4.6
73.6 0.0
56.9 0.0
51.9 0.0
50.9 663.0
1526.0 663.0
1557.2 687.3
1556.4 687.3
1556.7 687.3
1556.5 687.3
1557.0 687.5
1556.7 687.5
1556.0 687.5
1556.3 687.5
1555.8 687.8
1555.5 687.8
1556.6 687.8
1556.3 688.0
1556.2 688.0
1554.6 688.3
1555.5 688.3
1555.3 688.3
1554.3 688.3
1555.1 688.3
1554.1 688.3
1553.7 688.3
1553.5 688.3
1554.2 688.3
1554.6 688.3
1553.5 688.3
1555.1 688.3
1552.9 688.3
1553.2 688.5
1553.7 688.8
1552.9 688.8
1553.0 688.8
1553.8 688.8
1552.8 688.8
1550.4 689.0
1551.1 689.0
1550.3 689.0
1550.5 689.0
1551.9 689.0
1550.7 689.0
1550.6 689.0
1550.2 689.0
1551.1 689.0
1551.8 689.3
1552.2 689.3
1550.3 689.3
1551.3 689.3
1550.5 689.3
1550.5 689.3
1551.2 689.3
1550.5 689.3
1550.2 689.3
1551.6 689.3
1550.3 689.3
1550.4 689.3
1549.1 689.3
1550.0 689.3
1549.8 689.3
1549.8 689.3
1549.9 689.3
1550.4 689.3
1549.7 689.3
1550.1 689.3
1550.0 689.3
1549.1 689.3
1549.4 689.3
1549.7 689.5
1549.8 689.5
1549.2 689.8
1547.8 691.0
1548.8 691.0
1548.9 691.0
1547.2 691.0
1548.3 691.0
1550.0 691.0
1549.1 691.3
1549.5 691.3
1549.3 691.3
1548.6 691.3
1547.9 691.3
1548.9 691.3
1548.4 691.3
1547.9 691.3
1547.1 691.3
1545.7 691.5
1546.1 691.5
1548.3 691.5
1548.3 691.5
1547.2 691.5
1547.4 691.5
1546.3 691.5
1546.9 691.5
1545.9 691.5
1545.9 691.5
1546.6 691.5
1546.4 691.5
1546.3 691.5
1546.2 691.5
1547.7 691.5
1546.0 691.5
1545.9 691.5
1546.3 691.5
1546.8 691.5
1546.4 691.5
1547.3 691.5
1548.1 691.5
1547.0 691.5
1546.9 691.5
1546.9 691.5
1546.8 691.5
1546.7 691.5
1546.6 691.5
1546.5 691.5
1546.4 691.5
1547.1 691.5
1547.1 691.5
1547.0 691.5
1546.9 691.5
1546.8 691.5
1546.7 691.5
1546.5 691.5
1546.5 691.5
1546.3 691.5
1546.3 691.5
1547.0 691.5
1547.9 691.8
1547.4 691.8
1548.0 691.8
1549.0 691.8
1548.9 691.8
1547.7 691.8
1547.6 691.8
1547.1 691.8
1547.7 691.8
1548.1 691.8
1547.5 691.8
1547.2 691.8
1547.2 691.8
1547.1 691.8
1547.4 691.8
1546.7 691.8
1546.7 691.8
1547.4 691.8
1547.1 691.8
1547.1 691.8
1547.0 691.8
1572.3 728.5
1609.7 728.5
1611.2 728.5
1609.8 728.5
1609.8 728.5
1609.7 728.5
1609.7 728.5
1609.7 728.5
1609.7 728.5
1609.7 728.5
1609.7 728.5
1610.5 728.5
1609.8 728.5
1611.6 728.5
1609.8 728.5
1609.7 728.5
1609.8 728.5
1609.8 728.5
1609.8 728.5
1609.8 728.5
1609.8 728.5
1609.8 728.5
1609.8 728.5
1609.8 728.5
1609.8 728.5
1609.8 728.5
1611.3 728.5
1609.7 728.5
1609.8 728.5
1609.8 728.5
1609.8 728.5
1609.8 728.5
1609.8 728.5
1609.8 728.5
1609.8 728.5
1609.8 728.5
1610.9 728.5
1609.8 728.5
1610.9 728.5
1609.9 728.5
1609.8 728.5
1611.4 728.5
1609.8 728.5
1609.8 728.5
1609.7 728.5
1609.8 728.5
1610.9 728.5
1611.4 728.5
1611.4 728.5
1611.3 728.5
1610.3 728.5
1609.8 728.5
1609.8 728.5
1609.8 728.5
1609.8 728.5
1609.8 728.5
1609.8 728.5
1609.8 728.5
1609.7 728.5
1609.8 728.5
1609.8 728.5
1609.7 728.5
1609.7 728.5
1611.3 728.5
1609.8 728.5
1609.8 728.5
1609.7 728.5
1609.8 728.5
1610.5 728.5
1609.8 728.5
1610.4 728.5
1610.4 728.5
1611.6 728.5
1611.0 728.5
1610.4 728.5
1610.4 728.5
1610.4 728.5
1610.8 728.5
1610.4 728.5
1610.4 728.5
1610.4 728.5
1609.9 728.5
1609.9 728.5
1610.4 728.5
1611.4 728.5
1610.3 728.5
1610.4 728.5
1609.8 728.5
1610.4 728.5
1610.4 728.5
1610.4 728.5
1610.9 728.5
1610.5 728.5
1609.8 728.5
1610.9 728.5
1610.8 728.5
1610.4 728.5
1610.6 728.5
1610.4 728.5
1609.7 728.5
1609.8 728.5
1609.7 728.5
1609.8 728.5
1611.3 728.5
1609.8 728.5
1609.8 728.5
1609.7 728.5
1609.8 728.5
1609.8 728.5
1609.8 728.5
1609.8 728.5
1609.8 728.5
1609.8 728.5
1609.8 728.5
1609.8 728.5
1609.8 728.5
1609.7 728.5
1609.8 728.5
1609.8 728.5
1609.8 728.5
1609.7 728.5
1609.8 728.5
1609.8 728.5
1609.8 728.5
1610.6 728.5
1609.8 728.5
1611.4 728.5
1609.8 728.5
1610.8 728.5
1609.8 728.5
1610.8 728.5
1609.8 728.5
1611.6 728.5
1611.6 728.5
1611.6 728.5
1611.6 728.5
1611.6 728.5
1611.4 728.5
1611.5 728.5
1611.6 728.5
1611.6 728.5
1611.6 728.5
1611.5 728.5
1611.6 728.5
1611.5 728.5
1611.5 728.5
1611.6 728.5
1611.6 728.5
1610.9 728.5
1611.5 728.5
1611.6 728.5
1611.6 728.5
1611.5 728.5
1610.4 728.5
1611.6 728.5
1611.6 728.5
1611.6 728.5
1611.6 728.5
1611.6 728.5
1610.4 728.5
1610.4 728.5
1611.5 728.5
1611.5 728.5
1611.5 728.5
1611.3 728.5
1611.3 728.5
1611.3 728.5
1611.5 728.5
1611.5 728.5
1611.5 728.5
1611.4 728.5
1611.4 728.5
1611.5 728.5
1611.5 728.5
1609.6 728.5
1609.8 728.5
1609.7 728.5
1609.8 728.5
1611.4 728.5
1611.6 728.5
1611.1 728.5
1609.7 728.5
1609.8 728.5
1610.2 728.5
1609.8 728.5
1609.8 728.5
1611.4 728.5
1609.8 728.5
1611.6 728.5
1611.6 728.5
1611.6 728.5
1611.5 728.5
1611.5 728.5
1609.8 728.5
1609.7 728.5
1609.7 728.5
1609.7 728.5
1610.9 728.5
1610.7 728.5
1611.1 728.5
1610.2 728.5
1609.8 728.5
1609.7 728.5
1611.2 728.5
1610.8 728.5
1609.7 728.5
1609.7 728.5
1609.7 728.5
1609.7 728.5
1609.7 728.5
1609.7 728.5
1609.7 728.5
1609.7 728.5
1609.7 728.5
1609.9 728.5
1609.7 728.5
1609.7 728.5
1609.7 728.5
1609.8 728.5
1609.7 728.5
1609.8 728.5
1609.7 728.5
1609.7 728.5
1609.7 728.5
1609.8 728.5
1609.8 728.5
1610.3 728.5
1609.7 728.5
1610.7 728.5
1609.7 728.5
1611.3 728.5
1609.7 728.5
1610.4 728.5
1609.7 728.5
1609.7 728.5
1610.8 728.5
1610.4 728.5
1611.5 728.5
1610.3 728.5
1610.5 728.5
1609.6 728.5
1609.7 728.5
1610.2 728.5
1609.7 728.5
1609.7 728.5
1609.7 728.5
1609.6 728.5
1609.7 728.5
1609.7 728.5
1609.7 728.5
1609.7 728.5
1609.7 728.5
1609.7 728.5
1609.7 728.5
1610.5 728.5
1609.7 728.5
1609.7 728.5
1609.7 728.5
1609.7 728.5
1609.7 728.5
1609.8 728.5
1610.3 728.5
1610.2 728.5
1609.9 728.5
1609.7 728.5
1609.7 728.5
1611.3 728.5
1609.7 728.5
1609.7 728.5
1610.7 728.5
1610.3 728.5
1609.8 728.5
1609.7 728.5
1609.7 728.5
1609.7 728.5
1609.7 728.5
1609.8 728.5
1609.7 728.5
1609.7 728.5
1609.8 728.5
1609.7 728.5
1609.7 728.5
1611.3 728.5
1609.7 728.5
1611.3 728.5
1609.7 728.5
1609.7 728.5
1609.7 728.5
1609.7 728.5
1609.7 728.5
1609.7 728.5
1611.2 728.5
1610.9 728.5
1609.6 728.5
1609.7 728.5
1610.5 728.5
1610.5 728.5
1609.7 728.5
1609.7 728.5
1611.2 728.5
1609.6 728.5
1609.7 728.5
1609.7 728.5
1609.7 728.5
1609.7 728.5
1609.7 728.5
1609.6 728.5
1609.6 728.5
1609.7 728.5
1609.7 728.5
1609.7 728.5
1609.7 728.5
1609.7 728.5
1609.7 728.5
1609.7 728.5
1609.7 728.5
1609.8 728.5
1609.7 728.5
1609.7 728.5
1609.7 728.5
1611.2 728.5
1611.2 728.5
1609.7 728.5
1609.7 728.5
1610.2 728.5
1609.7 728.5
1609.6 728.5
1609.6 728.5
1610.1 728.5
1610.8 728.5
1609.6 728.5
1610.7 728.5
1610.2 728.5
1609.6 728.5
1610.1 728.5
1609.6 728.5
1609.6 728.5
1609.6 728.5
1609.7 728.5
1610.7 728.5
1609.7 728.5
1609.7 728.5
1609.8 728.5
1609.8 728.5
1610.5 728.5
1611.3 728.5
1609.8 728.5
1609.7 728.5
1609.7 728.5
1609.6 728.5
1609.7 728.5
1609.6 728.5
1609.7 728.5
1611.3 728.5
1611.3 728.5
1609.7 728.5
1609.8 728.5
1609.8 728.5
1609.8 728.5
1611.0 728.5
1611.5 728.5
1611.4 728.5
1611.3 728.5
1611.3 728.5
1610.8 728.5
1611.3 728.5
1611.5 728.5
1611.3 728.5
1609.7 728.5
1609.7 728.5
1609.8 728.5
1609.8 728.5
1609.7 728.5
1609.8 728.5
1609.7 728.5
1609.7 728.5
1609.8 728.5
1611.2 728.5
1611.3 728.5
1611.5 728.5
1611.2 728.5
1610.4 728.5
1610.2 728.5
1609.6 728.5
1609.8 728.5
1611.3 728.5
1611.3 728.5
1609.7 728.5
1609.8 728.5
1609.8 728.5
1610.6 728.5
1609.8 728.5
1609.7 728.5
1609.7 728.5
1609.7 728.5
1609.7 728.5
1609.7 728.5
1609.8 728.5
1609.7 728.5
1609.6 728.5
1609.7 728.5
1609.8 728.5
1610.5 728.5
1609.7 728.5
1609.6 728.5
1610.0 728.5
1609.6 728.5
1609.6 728.5
1609.7 728.5
1609.7 728.5
1609.6 728.5
1609.7 728.5
1609.7 728.5
1609.7 728.5
1609.7 728.5
1611.2 728.5
1610.7 728.5
1610.3 728.5
1610.3 728.5
1609.9 728.5
1610.2 728.5
1611.2 728.5
1610.3 728.5
1611.4 728.5
1611.4 728.5
1611.4 728.5
1610.3 728.5
1610.3 728.5
1610.3 728.5
1610.3 728.5
1610.3 728.5
1611.0 728.5
1610.3 728.5
1609.8 728.5
1609.7 728.5
1609.6 728.5
1609.7 728.5
1609.6 728.5
1609.7 728.5
1609.7 728.5
1609.7 728.5
1609.6 728.5
1610.8 728.5
1609.6 728.5
1609.6 728.5
1609.6 728.5
1609.7 728.5
1609.6 728.5
1609.7 728.5
1609.6 728.5
1609.6 728.5
1609.6 728.5
1609.6 728.5
1609.6 728.5
1609.7 728.5
1609.6 728.5
1609.7 728.5
1609.7 728.5
1609.6 728.5
1609.6 728.5
1609.7 728.5
1609.6 728.5
1609.6 728.5
1609.7 728.5
1609.6 728.5
1609.6 728.5
1609.6 728.5
1609.6 728.5
1610.3 728.5
1610.3 728.5
1610.5 728.5
1610.3 728.5
1610.3 728.5
1611.4 728.5
1611.4 728.5
1611.2 728.5
1610.2 728.5
1609.6 728.5
1610.3 728.5
1611.4 728.5
1611.4 728.5
1610.3 728.5
1609.6 728.5
1609.7 728.5
1610.2 728.5
1609.6 728.5
1609.7 728.5
1610.3 728.5
1611.4 728.5
1610.3 728.5
1611.0 728.5
1611.2 728.5
1610.7 728.5
1609.6 728.5
1610.3 728.5
1610.1 728.5
1610.4 728.5
1611.2 728.5
1611.2 728.5
1611.2 728.5
1611.0 728.5
1611.0 728.5
1610.6 728.5
1610.8 728.5
1610.8 728.5
1610.8 728.5
1609.2 728.5
1609.3 728.5
1609.2 728.5
1609.3 728.5
1609.7 728.5
1609.2 728.5
1609.2 728.5
1609.8 728.5
1609.2 728.5
1609.2 728.5
1609.2 728.5
1609.2 728.5
1609.2 728.5
1609.2 728.5
1609.2 728.5
1609.2 728.5
1609.2 728.5
1609.2 728.5
1609.2 728.5
1609.2 728.5
1609.2 728.5
1609.2 728.5
1609.2 728.5
1609.2 728.5
1609.2 728.5
1609.2 728.5
1609.2 728.5
1609.2 728.5
1609.2 728.5
1609.2 728.5
1609.2 728.5
1609.2 728.5
1609.3 728.5
1609.2 728.5
1610.1 728.5
1609.2 728.5
1609.2 728.5
1609.3 728.5
1609.2 728.5
1609.2 728.5
1610.8 728.5
1609.2 728.5
1609.2 728.5
1609.2 728.5
1609.2 728.5
1609.2 728.5
1609.3 728.5
1609.1 728.5
1609.2 728.5
1609.9 728.5
1609.2 728.5
1609.2 728.5
1609.2 728.5
1609.3 728.5
1609.2 728.5
1609.2 728.5
1609.8 728.5
1609.8 728.5
1609.8 728.5
1609.8 728.5
1609.9 728.5
1611.0 728.5
1611.0 728.5
1611.0 728.5
1609.8 728.5
1609.2 728.5
1609.5 728.5
1609.2 728.5
1609.1 728.5
1609.1 728.5
1610.7 728.5
1609.2 728.5
1609.2 728.5
1609.1 728.5
1609.1 728.5
1609.2 728.5
1609.1 728.5
1610.7 728.5
1609.1 728.5
1609.2 728.5
1609.2 728.5
1609.1 728.5
1609.2 728.5
1609.2 728.5
1609.1 728.5
1609.7 728.5
1609.2 728.5
1609.2 728.5
1609.2 728.5
1610.3 728.5
1609.2 728.5
1609.2 728.5
1609.2 728.5
1609.8 728.5
1609.5 728.5
1609.2 728.5
1610.3 728.5
1609.1 728.5
1610.8 728.5
1609.2 728.5
1609.9 728.5
1610.6 728.5
1609.2 728.5
1609.2 728.5
1609.2 728.5
1609.2 728.5
1609.2 728.5
1609.2 728.5
1609.2 728.5
1609.2 728.5
1609.2 728.5
1609.2 728.5
1609.2 728.5
1609.6 728.5
1609.2 728.5
1609.2 728.5
1609.2 728.5
1610.3 728.5
1610.2 728.5
1609.2 728.5
1610.8 728.5
1610.8 728.5
1609.2 728.5
1609.2 728.5
1609.2 728.5
1609.9 728.5
1609.2 728.5
1610.8 728.5
1609.2 728.5
1609.2 728.5
1609.2 728.5
1609.2 728.5
1609.3 728.5
1609.2 728.5
1609.2 728.5
1609.2 728.5
1610.6 728.5
1610.8 728.5
1610.9 728.5
1611.0 728.5
1610.8 728.5
1609.2 728.5
1609.1 728.5
1609.2 728.5
1609.1 728.5
1609.1 728.5
1609.1 728.5
1609.2 728.5
1609.2 728.5
1609.1 728.5
1609.1 728.5
1609.2 728.5
1609.5 728.5
1609.6 728.5
1609.1 728.5
1610.0 728.5
1609.0 728.5
1609.2 728.5
1609.1 728.5
1609.9 728.5
1609.1 728.5
1609.1 728.5
1609.1 728.5
1609.2 728.5
1609.0 728.5
1609.1 728.5
1610.7 728.5
1609.1 728.5
1609.1 728.5
1609.2 728.5
1610.3 728.5
1609.2 728.5
1609.1 728.5
1609.1 728.5
1609.6 728.5
1609.2 728.5
1610.6 728.5
1609.1 728.5
1609.2 728.5
1609.2 728.5
1609.2 728.5
1609.2 728.5
1610.8 728.5
1609.1 728.5
1609.1 728.5
1609.6 728.5
1610.2 728.5
1609.3 728.5
1609.2 728.5
1609.2 728.5
1609.2 728.5
1609.1 728.5
1609.1 728.5
1610.7 728.5
1610.7 728.5
1610.8 728.5
1609.1 728.5
1609.2 728.5
1609.2 728.5
1609.2 728.5
1610.8 728.5
1610.8 728.5
1609.2 728.5
1609.2 728.5
1609.1 728.5
1610.7 728.5
1610.9 728.5
1610.7 728.5
1609.1 728.5
1609.2 728.5
1610.7 728.5
1610.9 728.5
1610.9 728.5
1610.7 728.5
1610.8 728.5
1610.7 728.5
1610.9 728.5
1610.9 728.5
1610.8 728.5
1609.2 728.5
1609.1 728.5
1609.0 728.5
1609.1 728.5
1609.1 728.5
1609.2 728.5
1609.1 728.5
1609.1 728.5
1609.1 728.5
1609.1 728.5
1609.1 728.5
1609.1 728.5
1609.1 728.5
1609.1 728.5
1609.1 728.5
1609.1 728.5
1609.1 728.5
1609.9 728.5
1609.1 728.5
1609.1 728.5
1609.1 728.5
1609.1 728.5
1609.7 728.5
1609.9 728.5
1609.1 728.5
1609.1 728.5
1609.1 728.5
1609.0 728.5
1609.0 728.5
1609.7 728.5
1609.2 728.5
1609.2 728.5
1610.2 728.5
1609.9 728.5
1609.1 728.5
1609.1 728.5
1609.2 728.5
1609.0 728.5
1609.1 728.5
1609.1 728.5
1609.0 728.5
1609.0 728.5
1609.1 728.5
1609.0 728.5
1609.1 728.5
1609.1 728.5
1609.1 728.5
1609.1 728.5
1609.2 728.5
1609.1 728.5
1609.0 728.5
1609.2 728.5
1609.1 728.5
1609.1 728.5
1609.2 728.5
1609.0 728.5
1609.1 728.5
1609.1 728.5
1609.1 728.5
1609.8 728.5
1610.7 728.5
1610.9 728.5
1610.8 728.5
1610.8 728.5
1610.9 728.5
1610.7 728.5
1610.8 728.5
1610.9 728.5
1610.9 728.5
1610.9 728.5
1610.8 728.5
1610.9 728.5
1610.8 728.5
1609.8 728.5
1610.9 728.5
1610.0 728.5
1609.8 728.5
1609.6 728.5
1609.1 728.5
1609.1 728.5
1609.8 728.5
1609.6 728.5
1609.7 728.5
1609.7 728.5
1610.1 728.5
1609.8 728.5
1609.7 728.5
1609.8 728.5
1610.8 728.5
1610.9 728.5
1610.8 728.5
1609.9 728.5
1610.9 728.5
1610.1 728.5
1610.9 728.5
1610.8 728.5
1610.8 728.5
1610.8 728.5
1610.5 728.5
1609.1 728.5
1610.7 728.5
1610.8 728.5
1610.8 728.5
1610.7 728.5
1610.6 728.5
1610.7 728.5
1610.8 728.5
1610.8 728.5
1610.8 728.5
1610.8 728.5
1610.8 728.5
1610.8 728.5
1610.9 728.5
1610.8 728.5
1610.8 728.5
1610.8 728.5
1610.8 728.5
1610.8 728.5
1610.9 728.5
1610.8 728.5
1609.8 728.5
1610.3 728.5
1609.8 728.5
1609.8 728.5
1610.9 728.5
1610.8 728.5
1610.8 728.5
1610.9 728.5
1610.1 728.5
1610.8 728.5
1610.9 728.5
1610.9 728.5
1610.8 728.5
1610.9 728.5
1610.8 728.5
1610.9 728.5
1610.7 728.5
1610.7 728.5
1609.0 728.5
1610.8 728.5
1610.9 728.5
1610.8 728.5
1610.9 728.5
1610.7 728.5
1610.7 728.5
1610.8 728.5
1610.9 728.5
1610.9 728.5
1610.9 728.5
1610.2 728.5
1610.4 728.5
1610.7 728.5
1610.6 728.5
1609.0 728.5
1609.0 728.5
1609.1 728.5
1609.2 728.5
1609.1 728.5
1609.1 728.5
1610.7 728.5
1609.3 728.5
1609.2 728.5
1609.0 728.5
1609.1 728.5
1609.1 728.5
1610.4 728.5
1609.1 728.5
1609.0 728.5
1609.1 728.5
1609.0 728.5
1609.2 728.5
1609.1 728.5
1609.2 728.5
1609.1 728.5
1609.1 728.5
1609.1 728.5
1609.0 728.5
1609.0 728.5
1609.0 728.5
1609.1 728.5
1609.0 728.5
1609.7 728.5
1609.7 728.5
1610.8 728.5
1610.8 728.5
1609.6 728.5
1609.8 728.5
1610.8 728.5
1610.8 728.5
1610.8 728.5
1609.8 728.5
1609.6 728.5
1610.8 728.5
1609.7 728.5
1609.0 728.5
1609.0 728.5
1609.6 728.5
1609.0 728.5
1609.1 728.5
1609.0 728.5
1609.0 728.5
1609.0 728.5
1610.2 728.5
1609.0 728.5
1609.0 728.5
1609.0 728.5
1609.0 728.5
1609.0 728.5
1609.0 728.5
1609.1 728.5
1609.1 728.5
1609.0 728.5
1608.8 728.8
1564.3 728.8
1534.0 729.0
1547.5 729.0
1547.4 729.0
1547.5 729.0
1547.5 729.0
1547.5 729.0
1548.6 729.0
1547.5 729.0
1547.5 729.0
1547.5 729.0
1547.5 729.0
1548.2 729.0
1547.5 729.0
1547.5 729.0
1549.1 729.0
1547.5 729.0
1549.1 729.0
1547.9 729.0
1547.4 729.0
1547.5 729.0
1548.3 729.0
1547.5 729.0
1547.4 729.0
1549.0 729.0
1547.4 729.0
1547.5 729.0
1547.5 729.0
1547.5 729.0
1547.5 729.0
1547.5 729.0
1547.5 729.0
1547.5 729.0
1547.4 729.0
1547.4 729.0
1547.5 729.0
1547.4 729.0
1547.5 729.0
1547.5 729.0
1547.5 729.0
1547.4 729.0
1548.4 729.0
1547.6 729.0
1547.5 729.0
1549.1 729.0
1548.4 729.0
1547.4 729.0
1547.5 729.0
1547.5 729.0
1547.5 729.0
1547.4 729.0
1548.0 729.0
1548.2 729.0
1547.4 729.0
1547.4 729.0
1547.5 729.0
1547.4 729.0
1547.4 729.0
1547.4 729.0
1547.4 729.0
1547.4 729.0
1547.9 729.0
1548.3 729.0
1547.4 729.0
1549.0 729.0
1547.4 729.0
1548.5 729.0
1547.5 729.0
1548.6 729.0
1549.1 729.0
1547.4 729.0
1547.6 729.0
1547.4 729.0
1547.5 729.0
1547.5 729.0
1547.4 729.0
1547.5 729.0
1547.4 729.0
1547.4 729.0
1547.5 729.0
1547.4 729.0
1547.4 729.0
1547.4 729.0
1547.4 729.0
1547.4 729.0
1547.5 729.0
1547.5 729.0
1547.5 729.0
1547.5 729.0
1547.4 729.0
1547.4 729.0
1547.4 729.0
1547.5 729.0
1547.5 729.0
1547.8 729.0
1549.0 729.0
1549.0 729.0
1548.3 729.0
1547.8 729.0
1548.0 729.0
1547.5 729.0
1547.4 729.0
1547.4 729.0
1547.4 729.0
1547.5 729.0
1547.4 729.0
1547.4 729.0
1547.4 729.0
1547.5 729.0
1547.5 729.0
1547.5 729.0
1547.5 729.0
1547.4 729.0
1547.4 729.0
1548.0 729.0
1548.1 729.0
1547.5 729.0
1547.4 729.0
1547.4 729.0
1547.4 729.0
1547.5 729.0
1548.0 729.0
1548.2 729.0
1548.1 729.0
1547.4 729.0
1547.4 729.0
1547.5 729.0
1549.0 729.0
1548.6 729.0
1548.0 729.0
1548.0 729.0
1548.2 729.0
1547.9 729.0
1548.1 729.0
1548.4 729.0
1549.2 729.0
1549.2 729.0
1548.1 729.0
1547.6 729.0
1547.4 729.0
1547.4 729.0
1547.4 729.0
1547.4 729.0
1547.4 729.0
1547.8 729.0
1548.0 729.0
1548.5 729.0
1547.9 729.0
1548.0 729.0
1548.1 729.0
1548.2 729.0
1547.5 729.0
1548.1 729.0
1547.6 729.0
1548.0 729.0
1548.0 729.0
1547.4 729.0
1547.4 729.0
1547.4 729.0
1547.5 729.0
1547.4 729.0
1547.5 729.0
1547.5 729.0
1547.5 729.0
1547.5 729.0
1547.4 729.0
1547.4 729.0
1547.5 729.0
1547.5 729.0
1547.6 729.0
1547.4 729.0
1547.4 729.0
1547.5 729.0
1547.4 729.0
1548.8 729.0
1549.0 729.0
1547.4 729.0
1547.5 729.0
1547.5 729.0
1548.5 729.0
1548.8 729.0
1547.9 729.0
1548.6 729.0
1548.4 729.0
1548.1 729.0
1548.0 729.0
1548.6 729.0
1548.3 729.0
1547.4 729.0
1547.4 729.0
1547.4 729.0
1547.4 729.0
1547.4 729.0
1547.4 729.0
1547.4 729.0
1547.4 729.0
1547.4 729.0
1547.3 729.0
1547.4 729.0
1547.4 729.0
1547.5 729.0
1547.4 729.0
1548.0 729.0
1549.0 729.0
1548.1 729.0
1548.1 729.0
1548.0 729.0
1549.2 729.0
1548.0 729.0
1547.4 729.0
1547.4 729.0
1547.4 729.0
1547.4 729.0
1547.4 729.0
1547.4 729.0
1547.4 729.0
1547.4 729.0
1547.4 729.0
1547.4 729.0
1547.4 729.0
1547.4 729.0
1547.4 729.0
1548.2 729.0
1547.4 729.0
1547.4 729.0
1547.4 729.0
1547.4 729.0
1547.4 729.0
1547.4 729.0
1547.2 729.0
1547.4 729.0
1547.4 729.0
1547.4 729.0
1547.4 729.0
1547.4 729.0
1549.2 729.0
1549.2 729.0
1549.2 729.0
1549.2 729.0
1548.0 729.0
1547.4 729.0
1548.5 729.0
1547.4 729.0
1548.1 729.0
1548.0 729.0
1548.1 729.0
1548.1 729.0
1547.4 729.0
1547.4 729.0
1547.4 729.0
1547.4 729.0
1547.3 729.0
1547.4 729.0
1547.4 729.0
1547.4 729.0
1547.4 729.0
1547.4 729.0
1547.4 729.0
1547.4 729.0
1548.2 729.0
1547.4 729.0
1547.4 729.0
1548.0 729.0
1547.6 729.0
1547.4 729.0
1547.6 729.0
1547.4 729.0
1547.4 729.0
1547.4 729.0
1547.4 729.0
1547.4 729.0
1547.4 729.0
1547.5 729.0
1547.4 729.0
1547.4 729.0
1547.4 729.0
1547.4 729.0
1547.4 729.0
1547.4 729.0
1547.4 729.0
1547.4 729.0
1547.3 729.0
1549.0 729.0
1547.4 729.0
1547.4 729.0
1547.4 729.0
1547.5 729.0
1547.4 729.0
1547.4 729.0
1547.4 729.0
1547.4 729.0
1547.4 729.0
1547.4 729.0
1547.4 729.0
1547.4 729.0
1547.4 729.0
1548.0 729.0
1548.0 729.0
1548.9 729.0
1548.0 729.0
1547.4 729.0
1547.3 729.0
1547.4 729.0
1547.4 729.0
1547.4 729.0
1547.4 729.0
1547.3 729.0
1547.2 729.0
1547.4 729.0
1547.3 729.0
1547.3 729.0
1548.3 729.0
1547.4 729.0
1549.0 729.0
1549.0 729.0
1547.4 729.0
1548.1 729.0
1547.4 729.0
1547.4 729.0
1547.4 729.0
1547.4 729.0
1547.8 729.0
1548.0 729.0
1549.2 729.0
1548.1 729.0
1548.1 729.0
1547.9 729.0
1547.4 729.0
1548.1 729.0
1548.1 729.0
1549.0 729.0
1547.4 729.0
1547.4 729.0
1547.4 729.0
1547.4 729.0
1547.3 729.0
1547.4 729.0
1548.9 729.0
1547.4 729.0
1548.0 729.0
1547.4 729.0
1548.6 729.0
1549.0 729.0
1547.4 729.0
1547.4 729.0
1547.9 729.0
1547.8 729.0
1547.4 729.0
1547.4 729.0
1547.4 729.0
1547.4 729.0
1547.4 729.0
1547.4 729.0
1547.4 729.0
1547.4 729.0
1547.4 729.0
1547.4 729.0
1547.4 729.0
1547.4 729.0
1547.4 729.0
1547.3 729.0
1547.4 729.0
1547.4 729.0
1547.4 729.0
1548.2 729.0
1547.4 729.0
1547.4 729.0
1547.4 729.0
1547.3 729.0
1547.3 729.0
1547.4 729.0
1547.4 729.0
1548.0 729.0
1548.0 729.0
1548.0 729.0
1548.3 729.0
1547.4 729.0
1548.0 729.0
1548.0 729.0
1547.4 729.0
1547.4 729.0
1547.4 729.0
1547.4 729.0
1548.4 729.0
1547.3 729.0
1547.3 729.0
1547.4 729.0
1547.3 729.0
1547.3 729.0
1547.5 729.0
1547.3 729.0
1548.9 729.0
1548.9 729.0
1548.9 729.0
1547.3 729.0
1547.3 729.0
1547.3 729.0
1547.4 729.0
1548.0 729.0
1548.0 729.0
1548.0 729.0
1548.0 729.0
1549.1 729.0
1548.3 729.0
1548.0 729.0
1548.5 729.0
1547.8 729.0
1548.0 729.0
1547.9 729.0
1549.1 729.0
1548.0 729.0
1548.6 729.0
1548.1 729.0
1548.0 729.0
1548.0 729.0
1549.2 729.0
1549.1 729.0
1549.2 729.0
1548.6 729.0
1549.1 729.0
1549.1 729.0
1549.2 729.0
1549.1 729.0
1548.3 729.0
1549.2 729.0
1549.1 729.0
1549.1 729.0
1549.2 729.0
1547.9 729.0
1549.2 729.0
1549.2 729.0
1549.2 729.0
1548.1 729.0
1549.1 729.0
1549.1 729.0
1549.2 729.0
1549.2 729.0
1549.1 729.0
1548.1 729.0
1549.2 729.0
1549.2 729.0
1549.2 729.0
1548.1 729.0
1548.4 729.0
1547.4 729.0
1548.0 729.0
1548.0 729.0
1548.9 729.0
1548.4 729.0
1548.5 729.0
1547.4 729.0
1548.0 729.0
1549.2 729.0
1549.2 729.0
1548.0 729.0
1547.8 729.0
1547.9 729.0
1547.3 729.0
1547.3 729.0
1547.3 729.0
1547.3 729.0
1547.4 729.0
1547.3 729.0
1547.3 729.0
1547.4 729.0
1547.3 729.0
1547.4 729.0
1547.3 729.0
1547.4 729.0
1548.8 729.0
1547.2 729.0
1549.0 729.0
1549.0 729.0
1549.1 729.0
1549.1 729.0
1549.0 729.0
1549.1 729.0
1549.0 729.0
1549.1 729.0
1549.1 729.0
1549.0 729.0
1549.1 729.0
1549.1 729.0
1548.9 729.0
1548.0 729.0
1547.4 729.0
1547.3 729.0
1547.3 729.0
1547.3 729.0
1547.3 729.0
1547.4 729.0
1547.4 729.0
1547.4 729.0
1547.4 729.0
1548.0 729.0
1548.0 729.0
1548.5 729.0
1547.3 729.0
1547.4 729.0
1547.3 729.0
1547.3 729.0
1547.2 729.0
1547.3 729.0
1547.4 729.0
1548.0 729.0
1548.0 729.0
1547.3 729.0
1547.4 729.0
1547.3 729.0
1547.3 729.0
1547.3 729.0
1547.2 729.0
1547.3 729.0
1547.2 729.0
1547.4 729.0
1547.4 729.0
1547.4 729.0
1547.4 729.0
1547.4 729.0
1547.3 729.0
1548.9 729.0
1549.0 729.0
1549.2 729.0
1548.9 729.0
1548.8 729.0
1547.4 729.0
1547.3 729.0
1548.9 729.0
1548.9 729.0
1548.9 729.0
1547.8 729.0
1547.3 729.0
1547.6 729.0
1547.3 729.0
1547.3 729.0
1547.4 729.0
1547.2 729.0
1547.3 729.0
1547.3 729.0
1547.4 729.0
1538.8 729.3
1540.4 729.3
1540.1 729.3
1539.6 729.3
1539.6 729.3
1539.6 729.3
1539.6 729.3
1539.6 729.3
1541.1 729.3
1539.6 729.3
1540.2 729.3
1540.7 729.3
1541.2 729.3
1539.7 729.3
1539.6 729.3
1539.6 729.3
1539.6 729.3
1539.6 729.3
1539.6 729.3
1539.6 729.3
1539.6 729.3
1539.6 729.3
1540.2 729.3
1539.8 729.3
1540.3 729.3
1540.6 729.3
1539.7 729.3
1540.7 729.3
1540.2 729.3
1540.3 729.3
1540.3 729.3
1541.4 729.3
1540.3 729.3
1539.8 729.3
1539.6 729.3
1539.6 729.3
1539.6 729.3
1539.7 729.3
1540.7 729.3
1539.6 729.3
1539.6 729.3
1539.6 729.3
1539.7 729.3
1539.6 729.3
1539.7 729.3
1539.6 729.3
1539.6 729.3
1540.3 729.3
1541.5 729.3
1540.9 729.3
1541.2 729.3
1539.8 729.3
1539.8 729.3
1539.6 729.3
1539.6 729.3
1539.6 729.3
1541.2 729.3
1539.6 729.3
1539.6 729.3
1539.6 729.3
1539.7 729.3
1539.6 729.3
1539.6 729.3
1539.6 729.3
1539.6 729.3
1539.6 729.3
1541.0 729.3
1539.6 729.3
1539.6 729.3
1540.2 729.3
1539.6 729.3
1539.6 729.3
1539.6 729.3
1539.6 729.3
1539.6 729.3
1539.6 729.3
1539.6 729.3
1539.6 729.3
1539.6 729.3
1539.6 729.3
1539.5 729.3
1539.6 729.3
1539.6 729.3
1540.2 729.3
1539.6 729.3
1539.6 729.3
1541.2 729.3
1539.6 729.3
1539.6 729.3
1541.2 729.3
1541.3 729.3
1541.3 729.3
1541.2 729.3
1541.2 729.3
1541.2 729.3
1541.2 729.3
1541.2 729.3
1539.5 729.3
1539.6 729.3
1539.6 729.3
1541.2 729.3
1540.9 729.3
1539.6 729.3
1539.6 729.3
1540.9 729.3
1540.0 729.3
1539.5 729.3
1539.5 729.3
1539.6 729.3
1539.6 729.3
1539.5 729.3
1539.6 729.3
1539.5 729.3
1539.6 729.3
1539.6 729.3
1539.6 729.3
1539.6 729.3
1539.6 729.3
1539.6 729.3
1539.6 729.3
1539.6 729.3
1541.2 729.3
1539.5 729.3
1539.6 729.3
1539.5 729.3
1539.6 729.3
1539.5 729.3
1539.6 729.3
1539.5 729.3
1540.0 729.3
1539.6 729.3
1539.6 729.3
1539.6 729.3
1539.6 729.3
1539.5 729.3
1539.6 729.3
1539.7 729.3
1539.6 729.3
1539.6 729.3
1539.6 729.3
1540.3 729.3
1539.6 729.3
1539.6 729.3
1541.1 729.3
1541.3 729.3
1541.4 729.3
1540.2 729.3
1541.1 729.3
1539.6 729.3
1539.6 729.3
1539.5 729.3
1541.2 729.3
1541.2 729.3
1539.6 729.3
1539.5 729.3
1540.9 729.3
1539.5 729.3
1540.3 729.3
1540.9 729.3
1539.5 729.3
1539.6 729.3
1540.0 729.3
1541.2 729.3
1539.6 729.3
1539.6 729.3
1541.1 729.3
1539.5 729.3
1539.6 729.3
1539.5 729.3
1539.6 729.3
1539.5 729.3
1539.5 729.3
1540.2 729.3
1541.4 729.3
1540.2 729.3
1540.3 729.3
1540.6 729.3
1540.6 729.3
1540.2 729.3
1540.2 729.3
1540.7 729.3
1539.5 729.3
1539.6 729.3
1540.5 729.3
1540.2 729.3
1540.2 729.3
1540.2 729.3
1540.2 729.3
1539.6 729.3
1539.6 729.3
1539.5 729.3
1539.5 729.3
1539.5 729.3
1539.5 729.3
1539.6 729.3
1539.5 729.3
1539.5 729.3
1539.6 729.3
1539.6 729.3
1539.6 729.3
1540.3 729.3
1540.3 729.3
1539.6 729.3
1540.3 729.3
1540.2 729.3
1541.4 729.3
1541.3 729.3
1541.3 729.3
1541.4 729.3
1540.7 729.3
1541.3 729.3
1541.3 729.3
1540.5 729.3
1541.4 729.3
1541.4 729.3
1541.4 729.3
1541.4 729.3
1540.2 729.3
1540.2 729.3
1540.5 729.3
1541.3 729.3
1541.4 729.3
1541.4 729.3
1541.4 729.3
1541.3 729.3
1541.3 729.3
1541.3 729.3
1541.3 729.3
1540.2 729.3
1540.2 729.3
1541.3 729.3
1540.2 729.3
1539.6 729.3
1539.6 729.3
1539.6 729.3
1540.4 729.3
1540.2 729.3
1540.2 729.3
1540.5 729.3
1541.4 729.3
1541.4 729.3
1541.4 729.3
1540.2 729.3
1541.1 729.3
1539.6 729.3
1539.6 729.3
1539.5 729.3
1539.5 729.3
1539.5 729.3
1539.5 729.3
1539.6 729.3
1539.5 729.3
1539.6 729.3
1539.6 729.3
1539.5 729.3
1540.6 729.3
1539.6 729.3
1539.6 729.3
1539.5 729.3
1539.5 729.3
1539.6 729.3
1539.5 729.3
1539.6 729.3
1541.1 729.3
1541.3 729.3
1541.1 729.3
1541.1 729.3
1541.1 729.3
1541.2 729.3
1541.3 729.3
1541.1 729.3
1539.5 729.3
1539.5 729.3
1539.5 729.3
1539.6 729.3
1539.9 729.3
1540.1 729.3
1539.6 729.3
1539.5 729.3
1539.5 729.3
1539.5 729.3
1539.5 729.3
1539.6 729.3
1539.6 729.3
1539.6 729.3
1540.6 729.3
1540.1 729.3
1541.3 729.3
1540.2 729.3
1539.5 729.3
1539.5 729.3
1539.9 729.3
1539.6 729.3
1539.5 729.3
1539.5 729.3
1539.5 729.3
1539.5 729.3
1539.6 729.3
1539.6 729.3
1539.5 729.3
1539.9 729.3
1539.7 729.3
1539.5 729.3
1539.7 729.3
1539.5 729.3
1539.4 729.3
1539.5 729.3
1539.5 729.3
1539.5 729.3
1539.5 729.3
1539.5 729.3
1539.5 729.3
1540.3 729.3
1539.5 729.3
1539.5 729.3
1539.5 729.3
1539.5 729.3
1539.5 729.3
1539.6 729.3
1539.5 729.3
1541.1 729.3
1539.5 729.3
1539.5 729.3
1539.5 729.3
1539.5 729.3
1539.5 729.3
1539.9 729.3
1539.5 729.3
1539.5 729.3
1539.5 729.3
1539.5 729.3
1539.5 729.3
1539.5 729.3
1539.5 729.3
1539.5 729.3
1540.5 729.3
1540.5 729.3
1539.5 729.3
1540.5 729.3
1539.5 729.3
1541.0 729.3
1539.6 729.3
1539.5 729.3
1539.5 729.3
1539.5 729.3
1539.5 729.3
1540.0 729.3
1539.5 729.3
1539.5 729.3
1539.5 729.3
1539.5 729.3
1539.5 729.3
1539.5 729.3
1539.5 729.3
1539.5 729.3
1539.6 729.3
1539.6 729.3
1539.5 729.3
1539.5 729.3
1539.5 729.3
1539.6 729.3
1539.6 729.3
1539.5 729.3
1539.5 729.3
1539.5 729.3
1539.6 729.3
1539.5 729.3
1539.5 729.3
1539.5 729.3
1539.5 729.3
1539.5 729.3
1539.6 729.3
1539.6 729.3
1539.5 729.3
1539.5 729.3
1540.6 729.3
1539.5 729.3
1539.5 729.3
1539.5 729.3
1539.5 729.3
1539.5 729.3
1539.5 729.3
1539.5 729.3
1539.5 729.3
1539.6 729.3
1539.5 729.3
1539.5 729.3
1541.1 729.3
1539.5 729.3
1539.5 729.3
1539.6 729.3
1541.1 729.3
1541.3 729.3
1539.5 729.3
1539.6 729.3
1539.5 729.3
1539.5 729.3
1540.0 729.3
1539.5 729.3
1539.6 729.3
1539.5 729.3
1539.5 729.3
1539.5 729.3
1539.5 729.3
1539.5 729.3
1539.5 729.3
1539.7 729.3
1540.1 729.3
1541.3 729.3
1541.2 729.3
1541.3 729.3
1541.2 729.3
1541.2 729.3
1541.2 729.3
1541.3 729.3
1541.2 729.3
1540.1 729.3
1541.2 729.3
1540.3 729.3
1541.2 729.3
1541.1 729.3
1539.5 729.3
1541.1 729.3
1535.0 729.3
1535.0 729.3
1535.0 729.3
1535.0 729.3
1508.4 730.0
1453.8 730.0
1417.5 730.0
1404.0 730.0
1379.4 730.0
1370.4 730.0
1358.5 730.0
1418.1 730.0
1418.1 730.0
1418.1 730.0
1418.0 730.0
1416.0 730.0
1416.9 730.0
1416.0 730.0
1416.0 730.0
1416.0 730.0
1417.4 730.0
1416.8 730.0
1416.3 730.0
1416.0 730.0
1416.0 730.0
1416.0 730.0
1416.0 730.0
1415.9 730.0
1416.0 730.0
1416.0 730.0
1416.0 730.0
1415.9 730.0
1416.0 730.0
1415.9 730.0
1415.9 730.0
1415.9 730.0
1415.9 730.0
1415.9 730.0
1417.3 730.0
1417.6 730.0
1415.9 730.0
1416.0 730.0
1416.0 730.0
1415.9 730.0
1417.5 730.0
1417.7 730.0
1417.7 730.0
1415.8 730.0
1415.9 730.0
1415.9 730.0
1416.1 730.0
1416.3 730.0
1418.7 730.0
1417.6 730.0
1418.0 730.0
1417.6 730.0
1425.2 730.0
1406.4 730.0
1373.9 730.0
1357.6 730.0
1347.5 730.0
1344.6 730.0
1330.9 730.0
1335.8 730.0
1331.2 730.0
1326.0 730.0
1325.8 730.0
1325.4 730.0
1325.7 730.0
1337.8 730.0
1337.3 730.0
1332.0 730.0
1330.4 730.0
1330.0 730.0
1330.3 730.0
1331.3 730.0
1329.7 730.0
1330.4 730.0
1331.4 730.0
1330.6 730.0
1328.6 730.0
1328.9 730.0
1328.7 730.0
1328.3 730.0
1328.0 730.0
1328.4 730.0
1329.2 730.0
1329.7 730.0
1329.6 730.0
1329.5 730.0
1329.3 730.0
1329.1 730.0
1336.9 730.0
1337.2 730.0
1336.8 730.0
1341.9 730.0
1342.8 730.0
1341.5 730.0
1341.4 730.0
1342.1 730.0
1348.8 730.0
1347.8 730.0
1350.1 730.0
1351.1 730.0
1350.6 730.0
1350.3 730.0
1350.5 730.0
1349.1 730.0
1349.0 730.0
1348.8 730.0
1348.6 730.0
1349.3 730.0
1349.1 730.0
1349.1 730.0
1349.1 730.0
1348.9 730.0
1348.6 730.0
1349.7 730.0
1361.6 730.0
1359.4 730.0
1359.2 730.0
1358.8 730.0
1358.4 730.0
1357.8 730.0
1358.2 730.0
1358.0 730.0
1359.1 730.0
1360.7 730.0
1359.7 730.0
1360.1 730.0
1360.6 730.0
1361.0 730.0
1359.6 730.0
1360.9 730.0
1359.3 730.0
1359.6 730.0
1359.7 730.0
1360.4 730.0
1360.3 730.0
1358.9 730.0
1358.6 730.0
1358.3 730.0
1356.4 730.0
1357.1 730.0
1357.8 730.0
1357.0 730.0
1356.8 730.0
1356.5 730.0
1356.9 730.0
1356.5 730.0
1356.9 730.0
1357.0 730.0
1356.6 730.0
1356.6 730.0
1356.4 730.0
1356.3 730.0
1355.6 730.0
1355.4 730.0
1355.3 730.0
1355.9 730.0
1355.9 730.0
1355.7 730.0
1355.6 730.0
1355.5 730.0
1355.3 730.0
1355.1 730.0
1355.8 730.0
1355.7 730.0
1355.5 730.0
1355.3 730.0
1355.2 730.0
1355.8 730.0
1355.6 730.0
1355.0 730.0
1354.9 730.0
1356.8 730.0
1355.5 730.0
1355.7 730.0
1355.5 730.0
1355.1 730.0
1355.0 730.0
1354.8 730.0
1354.6 730.0
1356.0 730.0
1355.4 730.0
1355.1 730.0
1355.0 730.0
1354.4 730.0
1354.8 730.0
1355.2 730.0
1355.0 730.0
1355.2 730.0
1355.0 730.0
1354.4 730.0
1354.8 730.0
1354.3 730.0
1354.7 730.0
1354.4 730.0
1356.2 730.0
1356.0 730.0
1354.2 730.0
1354.7 730.0
1355.2 730.0
1354.4 730.0
1354.0 730.0
1354.3 730.0
1353.8 730.0
1354.7 730.0
1355.3 730.0
1354.1 730.0
1354.2 730.0
1354.5 730.0
1355.9 730.0
1354.5 730.0
1354.9 730.0
1355.2 730.0
1354.3 730.0
1354.7 730.0
1354.4 730.0
1354.7 730.0
1354.4 730.0
1353.9 730.0
1353.7 730.0
1355.1 730.0
1353.4 730.0
1353.3 730.0
1355.9 730.0
1355.0 730.0
1354.7 730.0
1354.7 730.0
1354.5 730.0
1354.4 730.0
1354.2 730.0
1354.1 730.0
1353.7 730.0
1353.6 730.0
1353.4 730.0
1354.4 730.0
1353.1 730.0
1353.0 730.0
1353.9 730.0
1353.7 730.0
1353.5 730.0
1354.1 730.0
1354.0 730.0
1354.2 730.0
1354.7 730.0
1354.6 730.0
1355.1 730.0
1355.0 730.0
1354.9 730.0
1353.8 730.0
1353.6 730.0
1353.5 730.0
1353.4 730.0
1354.2 730.0
1354.0 730.0
1354.0 730.0
1355.0 730.0
1353.7 730.0
1354.6 730.0
1354.4 730.0
1354.2 730.0
1354.0 730.0
1353.8 730.0
1353.7 730.0
1355.2 730.0
1355.7 730.0
1354.1 730.0
1353.9 730.0
1353.8 730.0
1353.7 730.0
1353.6 730.0
1353.4 730.0
1353.4 730.0
1352.8 730.0
1353.8 730.0
1353.6 730.0
1353.6 730.0
1353.3 730.0
1354.0 730.0
1354.0 730.0
1355.1 730.0
1353.3 730.0
1353.1 730.0
1353.1 730.0
1352.6 730.0
1352.3 730.0
1351.9 730.0
1352.3 730.0
1352.7 730.0
1352.7 730.0
1352.8 730.0
1354.0 730.0
1352.3 730.0
1353.9 730.0
1354.4 730.0
1354.1 730.0
1353.4 730.0
1353.4 730.0
1353.3 730.0
1353.2 730.0
1353.8 730.0
1353.1 730.0
1355.0 730.0
1345.8 730.0
1316.5 730.0
1281.5 730.0
1262.7 730.0
1226.2 730.0
1187.2 730.0
1148.0 730.0
1099.1 730.0
1055.6 730.0
1019.2 730.0
974.8 730.0
924.7 730.0
858.9 730.0
796.0 730.0
742.9 730.0
702.2 730.0
640.9 730.0
584.5 730.0
518.8 730.0
454.0 730.0
380.9 730.0
298.3 730.0
167.6 730.0
69.6 730.0
52.2 439.8
60.9 291.5
51.0 206.6
51.1 16.2
